1,2005,13,1330,26.7,67.69,832,0,-6999,682.3,-6999,-6999,-.037,0,0,0,0
2,2005,13,1330,0
2,2005,13,1340,0
2,2005,13,1350,0
1,2005,13,1400,26.95,65.77,504,0,-6999,682.2,-6999,-6999,-.037,0,0,0,0
2,2005,13,1400,0
2,2005,13,1410,0
2,2005,13,1420,0
1,2005,13,1430,26.41,67.23,247.9,0,-6999,681.8,-6999,-6999,-.037,0,0,0,0
2,2005,13,1430,0
2,2005,13,1440,0
2,2005,13,1450,0
1,2005,13,1500,27.51,63.94,491.9,0,-6999,681.6,-6999,-6999,-.037,0,0,0,0
2,2005,13,1500,0
2,2005,13,1510,0
2,2005,13,1520,0
1,2005,13,1530,26.9,64.98,213.6,0,-6999,681.2,-6999,-6999,-.037,0,0,0,0
2,2005,13,1530,0
2,2005,13,1540,0
2,2005,13,1550,0
1,2005,13,1600,27.19,64.11,252.3,0,-6999,680.9,-6999,-6999,-.037,0,0,0,0
2,2005,13,1600,0
2,2005,13,1610,0
2,2005,13,1620,0
1,2005,13,1630,26.77,65.44,199.9,0,-6999,680.7,-6999,-6999,-.037,0,0,0,0
2,2005,13,1630,0
2,2005,13,1640,0
2,2005,13,1650,0
1,2005,13,1700,26.83,65.85,101.4,0,-6999,680.5,-6999,-6999,-.037,0,0,0,0
2,2005,13,1700,0
2,2005,13,1710,0
2,2005,13,1720,0
1,2005,13,1730,26.49,67.24,133.4,0,-6999,680.5,-6999,-6999,-.037,0,0,0,0
2,2005,13,1730,0
2,2005,13,1740,0
2,2005,13,1750,0
1,2005,13,1800,26.77,66.19,190.7,0,-6999,680.6,-6999,-6999,-.037,0,0,0,0
2,2005,13,1800,0
2,2005,13,1810,0
2,2005,13,1820,0
1,2005,13,1830,26.05,68.52,89.9,0,-6999,680.6,-6999,-6999,-.037,0,0,0,0
2,2005,13,1830,0
2,2005,13,1840,0
2,2005,13,1850,0
1,2005,13,1900,25.11,72,14.86,0,-6999,680.8,-6999,-6999,-.037,0,0,0,0
2,2005,13,1900,0
2,2005,13,1910,0
2,2005,13,1920,0
1,2005,13,1930,24.31,74.1,1.559,0,-6999,680.9,-6999,-6999,-.037,0,0,0,0
2,2005,13,1930,0
2,2005,13,1940,0
2,2005,13,1950,0
1,2005,13,2000,23.82,75.3,0,0,-6999,681,-6999,-6999,-.037,0,0,0,0
2,2005,13,2000,0
2,2005,13,2010,0
2,2005,13,2020,0
1,2005,13,2030,23.36,77.1,0,0,-6999,681.2,-6999,-6999,-.037,0,0,0,0
2,2005,13,2030,0
2,2005,13,2040,0
2,2005,13,2050,0
1,2005,13,2100,23.04,77.6,0,0,-6999,681.2,-6999,-6999,-.037,0,0,0,0
2,2005,13,2100,0
2,2005,13,2110,0
2,2005,13,2120,0
1,2005,13,2130,22.78,78.5,0,0,-6999,681.4,-6999,-6999,-.037,0,0,0,0
2,2005,13,2130,0
2,2005,13,2140,0
2,2005,13,2150,0
1,2005,13,2200,22.46,79.8,0,0,-6999,681.5,-6999,-6999,-.037,0,0,0,0
2,2005,13,2200,0
2,2005,13,2210,0
2,2005,13,2220,0
1,2005,13,2230,22.36,78.7,0,0,-6999,681.5,-6999,-6999,-.037,0,0,0,0
2,2005,13,2230,0
2,2005,13,2240,0
2,2005,13,2250,0
1,2005,13,2300,22.19,78.7,0,0,-6999,681.4,-6999,-6999,-.037,0,0,0,0
2,2005,13,2300,0
2,2005,13,2310,0
2,2005,13,2320,0
1,2005,13,2330,21.89,80,0,0,-6999,681.3,-6999,-6999,-.037,0,0,0,0
2,2005,13,2330,0
2,2005,13,2340,0
2,2005,13,2350,0
1,2005,13,2400,21.44,83.9,0,0,-6999,681.2,-6999,-6999,-.037,0,0,0,0
2,2005,13,2400,0
3,2005,13,2400,28.79,16.92,22.46,102.1,609,57.95,1450,82.3,-6999,0,-6999,0,-6999,0
2,2005,14,10,0
2,2005,14,20,0
1,2005,14,30,20.62,90.6,0,0,-6999,681,-6999,-6999,-.037,0,0,0,0
2,2005,14,30,0
2,2005,14,40,0
2,2005,14,50,0
1,2005,14,100,20.18,94.1,0,0,-6999,680.9,-6999,-6999,-.037,0,0,0,0
2,2005,14,100,0
2,2005,14,110,0
2,2005,14,120,0
1,2005,14,130,19.73,96.6,0,0,-6999,680.9,-6999,-6999,-.037,0,0,0,0
2,2005,14,130,0
2,2005,14,140,0
2,2005,14,150,0
1,2005,14,200,19.4,98.1,.005,0,-6999,681,-6999,-6999,-.037,0,0,0,0
2,2005,14,200,0
2,2005,14,210,0
2,2005,14,220,0
1,2005,14,230,18.98,99.7,.001,0,-6999,680.9,-6999,-6999,-.037,0,0,0,0
2,2005,14,230,0
2,2005,14,240,0
2,2005,14,250,0
1,2005,14,300,18.58,100.6,0,0,-6999,680.8,-6999,-6999,-.037,0,0,0,0
2,2005,14,300,0
2,2005,14,310,0
2,2005,14,320,0
1,2005,14,330,18.41,99.9,.002,0,-6999,680.8,-6999,-6999,-.037,0,0,0,0
2,2005,14,330,0
2,2005,14,340,0
2,2005,14,350,0
1,2005,14,400,18.11,100.1,.002,0,-6999,680.6,-6999,-6999,-.037,0,0,0,0
2,2005,14,400,0
2,2005,14,410,0
2,2005,14,420,0
1,2005,14,430,17.74,101.1,0,0,-6999,680.6,-6999,-6999,-.037,0,0,0,0
2,2005,14,430,0
2,2005,14,440,0
2,2005,14,450,0
1,2005,14,500,17.43,101.6,0,0,-6999,680.7,-6999,-6999,-.037,0,0,0,0
2,2005,14,500,0
2,2005,14,510,0
2,2005,14,520,0
1,2005,14,530,17.28,101.6,.067,0,-6999,681.1,-6999,-6999,-.037,0,0,0,0
2,2005,14,530,0
2,2005,14,540,0
2,2005,14,550,0
1,2005,14,600,17.23,101.1,6.161,0,-6999,681.2,-6999,-6999,-.037,0,0,0,0
2,2005,14,600,0
2,2005,14,610,0
2,2005,14,620,0
1,2005,14,630,17.91,99.6,78.8,0,-6999,681.3,-6999,-6999,-.037,0,0,0,0
2,2005,14,630,0
2,2005,14,640,0
2,2005,14,650,0
1,2005,14,700,20.1,88.3,180.7,0,-6999,681.4,-6999,-6999,-.037,0,0,0,0
2,2005,14,700,0
2,2005,14,710,0
2,2005,14,720,0
1,2005,14,730,21.11,84.7,288.1,0,-6999,681.6,-6999,-6999,-.037,0,0,0,0
2,2005,14,730,0
2,2005,14,740,0
2,2005,14,750,0
1,2005,14,800,22.02,82.9,394.8,0,-6999,681.7,-6999,-6999,-.037,0,0,0,0
2,2005,14,800,0
2,2005,14,810,0
2,2005,14,820,0
1,2005,14,830,22.69,79.2,497.4,0,-6999,681.8,-6999,-6999,-.037,0,0,0,0
2,2005,14,830,0
2,2005,14,840,0
2,2005,14,850,0
1,2005,14,900,23.29,76.6,595.4,0,-6999,681.8,-6999,-6999,-.037,0,0,0,0
2,2005,14,900,0
2,2005,14,910,0
2,2005,14,920,0
1,2005,14,930,23.83,74.9,683.5,0,-6999,682,-6999,-6999,-.037,0,0,0,0
2,2005,14,930,0
2,2005,14,940,0
2,2005,14,950,0
1,2005,14,1000,24.56,73.1,764,0,-6999,682,-6999,-6999,-.037,0,0,0,0
2,2005,14,1000,0
2,2005,14,1010,0
2,2005,14,1020,0
1,2005,14,1030,25,72.4,830,0,-6999,682,-6999,-6999,-.037,0,0,0,0
2,2005,14,1030,0
2,2005,14,1040,0
2,2005,14,1050,0
1,2005,14,1100,25.53,71.6,883,0,-6999,682,-6999,-6999,-.037,0,0,0,0
2,2005,14,1100,0
2,2005,14,1110,0
2,2005,14,1120,0
1,2005,14,1130,26.17,69.8,852,0,-6999,681.9,-6999,-6999,-.037,0,0,0,0
2,2005,14,1130,0
2,2005,14,1140,0
2,2005,14,1150,0
1,2005,14,1200,26.6,68.11,862,0,-6999,681.8,-6999,-6999,-.037,0,0,0,0
2,2005,14,1200,0
2,2005,14,1210,0
2,2005,14,1220,0
1,2005,14,1230,27.2,65.26,984,0,-6999,681.7,-6999,-6999,-.037,0,0,0,0
2,2005,14,1230,0
2,2005,14,1240,0
2,2005,14,1250,0
1,2005,14,1300,27.59,63.41,942,0,-6999,681.6,-6999,-6999,-.037,0,0,0,0
2,2005,14,1300,0
2,2005,14,1310,0
2,2005,14,1320,0
1,2005,14,1330,27.33,61.63,500.7,0,-6999,681.4,-6999,-6999,-.037,0,0,0,0
2,2005,14,1330,0
2,2005,14,1340,0
2,2005,14,1350,0
1,2005,14,1400,28.22,56.02,785,0,-6999,681.1,-6999,-6999,-.037,0,0,0,0
2,2005,14,1400,0
2,2005,14,1410,0
2,2005,14,1420,0
1,2005,14,1430,28.54,56.75,563.1,0,-6999,680.9,-6999,-6999,-.037,0,0,0,0
2,2005,14,1430,0
2,2005,14,1440,0
2,2005,14,1450,0
1,2005,14,1500,28.6,54.47,599.4,0,-6999,680.6,-6999,-6999,-.037,0,0,0,0
2,2005,14,1500,0
2,2005,14,1510,0
2,2005,14,1520,0
1,2005,14,1530,29.35,50.99,676.5,0,-6999,680.3,-6999,-6999,-.037,0,0,0,0
2,2005,14,1530,0
2,2005,14,1540,0
2,2005,14,1550,0
1,2005,14,1600,29.61,48.32,600.9,0,-6999,680,-6999,-6999,-.037,0,0,0,0
2,2005,14,1600,0
2,2005,14,1610,0
2,2005,14,1620,0
1,2005,14,1630,29.09,48.41,216,0,-6999,679.8,-6999,-6999,-.037,0,0,0,0
2,2005,14,1630,0
2,2005,14,1640,0
2,2005,14,1650,0
1,2005,14,1700,27.86,57.51,86.2,0,-6999,679.6,-6999,-6999,-.037,0,0,0,0
2,2005,14,1700,0
2,2005,14,1710,0
2,2005,14,1720,0
1,2005,14,1730,27.89,57.08,98.6,0,-6999,679.6,-6999,-6999,-.037,0,0,0,0
2,2005,14,1730,0
2,2005,14,1740,0
2,2005,14,1750,0
1,2005,14,1800,27.85,54.89,99.2,0,-6999,679.5,-6999,-6999,-.037,0,0,0,0
2,2005,14,1800,0
2,2005,14,1810,0
2,2005,14,1820,0
1,2005,14,1830,28.67,51.33,97.4,0,-6999,679.5,-6999,-6999,-.037,0,0,0,0
2,2005,14,1830,0
2,2005,14,1840,0
2,2005,14,1850,0
1,2005,14,1900,27.09,59.01,19.94,0,-6999,679.7,-6999,-6999,-.037,0,0,0,0
2,2005,14,1900,0
2,2005,14,1910,0
2,2005,14,1920,0
1,2005,14,1930,26.32,62.11,1.452,0,-6999,679.8,-6999,-6999,-.037,0,0,0,0
2,2005,14,1930,0
2,2005,14,1940,0
2,2005,14,1950,0
1,2005,14,2000,25.82,66.7,0,0,-6999,679.9,-6999,-6999,-.037,0,0,0,0
2,2005,14,2000,0
2,2005,14,2010,0
2,2005,14,2020,0
1,2005,14,2030,25.62,66.84,0,0,-6999,680,-6999,-6999,-.037,0,0,0,0
2,2005,14,2030,0
2,2005,14,2040,0
2,2005,14,2050,0
1,2005,14,2100,25.11,68.72,0,0,-6999,680.2,-6999,-6999,-.037,0,0,0,0
2,2005,14,2100,0
2,2005,14,2110,0
2,2005,14,2120,0
1,2005,14,2130,24.92,69.12,0,0,-6999,680.4,-6999,-6999,-.037,0,0,0,0
2,2005,14,2130,0
2,2005,14,2140,0
2,2005,14,2150,0
1,2005,14,2200,24.41,69.82,0,0,-6999,680.4,-6999,-6999,-.037,0,0,0,0
2,2005,14,2200,0
2,2005,14,2210,0
2,2005,14,2220,0
1,2005,14,2230,23.59,72.2,0,0,-6999,680.4,-6999,-6999,-.037,0,0,0,0
2,2005,14,2230,0
2,2005,14,2240,0
2,2005,14,2250,0
1,2005,14,2300,23.63,70.7,0,0,-6999,680.4,-6999,-6999,-.037,0,0,0,0
2,2005,14,2300,0
2,2005,14,2310,0
2,2005,14,2320,0
1,2005,14,2330,23.44,71.6,0,0,-6999,680.3,-6999,-6999,-.037,0,0,0,0
2,2005,14,2330,0
2,2005,14,2340,0
2,2005,14,2350,0
1,2005,14,2400,23.54,71.5,0,0,-6999,680.4,-6999,-6999,-.037,0,0,0,0
2,2005,14,2400,0
3,2005,14,2400,30.43,17.12,23.83,101.9,457,42.57,1558,75,-6999,0,-6999,0,-6999,0
2,2005,15,10,0
2,2005,15,20,0
1,2005,15,30,23.13,73.5,0,0,-6999,680.4,-6999,-6999,-.037,0,0,0,0
2,2005,15,30,0
2,2005,15,40,0
2,2005,15,50,0
1,2005,15,100,22.52,76.1,0,0,-6999,680.2,-6999,-6999,-.037,0,0,0,0
2,2005,15,100,0
2,2005,15,110,0
2,2005,15,120,0
1,2005,15,130,22.17,76.7,0,0,-6999,680,-6999,-6999,-.037,0,0,0,0
2,2005,15,130,0
2,2005,15,140,0
2,2005,15,150,0
1,2005,15,200,22.28,74.1,0,0,-6999,679.9,-6999,-6999,-.037,0,0,0,0
2,2005,15,200,0
2,2005,15,210,0
2,2005,15,220,0
1,2005,15,230,22.19,72.3,0,0,-6999,679.7,-6999,-6999,-.037,0,0,0,0
2,2005,15,230,0
2,2005,15,240,0
2,2005,15,250,0
1,2005,15,300,21.9,72.7,0,0,-6999,679.7,-6999,-6999,-.037,0,0,0,0
2,2005,15,300,0
2,2005,15,310,0
2,2005,15,320,0
1,2005,15,330,21.94,72,0,0,-6999,679.7,-6999,-6999,-.037,0,0,0,0
2,2005,15,330,0
2,2005,15,340,0
2,2005,15,350,0
1,2005,15,400,21.86,72.4,0,0,-6999,679.8,-6999,-6999,-.037,0,0,0,0
2,2005,15,400,0
2,2005,15,410,0
2,2005,15,420,0
1,2005,15,430,21.49,74.1,0,0,-6999,679.9,-6999,-6999,-.037,0,0,0,0
2,2005,15,430,0
2,2005,15,440,0
2,2005,15,450,0
1,2005,15,500,21.35,73.5,.001,0,-6999,680,-6999,-6999,-.037,0,0,0,0
2,2005,15,500,0
2,2005,15,510,0
2,2005,15,520,0
1,2005,15,530,21.01,75.6,.157,0,-6999,680.2,-6999,-6999,-.037,0,0,0,0
2,2005,15,530,0
2,2005,15,540,0
2,2005,15,550,0
1,2005,15,600,20.79,78.1,6.08,0,-6999,680.5,-6999,-6999,-.037,0,0,0,0
2,2005,15,600,0
2,2005,15,610,0
2,2005,15,620,0
1,2005,15,630,20.72,79.9,34.08,0,-6999,680.8,-6999,-6999,-.037,0,0,0,0
2,2005,15,630,0
2,2005,15,640,0
2,2005,15,650,0
1,2005,15,700,21.05,80.9,133.7,0,-6999,681,-6999,-6999,-.037,0,0,0,0
2,2005,15,700,0
2,2005,15,710,0
2,2005,15,720,0
1,2005,15,730,21.75,80.4,210.9,0,-6999,681.2,-6999,-6999,-.037,0,0,0,0
2,2005,15,730,0
2,2005,15,740,0
2,2005,15,750,0
1,2005,15,800,22.63,78.1,353.4,0,-6999,681.4,-6999,-6999,-.037,0,0,0,0
2,2005,15,800,0
2,2005,15,810,0
2,2005,15,820,0
1,2005,15,830,23.33,75.8,431.8,0,-6999,681.7,-6999,-6999,-.037,0,0,0,0
2,2005,15,830,0
2,2005,15,840,0
2,2005,15,850,0
1,2005,15,900,24.08,75.3,606.8,0,-6999,681.7,-6999,-6999,-.037,0,0,0,0
2,2005,15,900,0
2,2005,15,910,0
2,2005,15,920,0
1,2005,15,930,24.88,72.4,676,0,-6999,681.7,-6999,-6999,-.037,0,0,0,0
2,2005,15,930,0
2,2005,15,940,0
2,2005,15,950,0
1,2005,15,1000,25.31,71.3,690.8,0,-6999,681.7,-6999,-6999,-.037,0,0,0,0
2,2005,15,1000,0
2,2005,15,1010,0
2,2005,15,1020,0
1,2005,15,1030,26.2,69.39,821,0,-6999,681.6,-6999,-6999,-.037,0,0,0,0
2,2005,15,1030,0
2,2005,15,1040,0
2,2005,15,1050,0
1,2005,15,1100,26.81,68.44,853,0,-6999,681.5,-6999,-6999,-.037,0,0,0,0
2,2005,15,1100,0
2,2005,15,1110,0
2,2005,15,1120,0
1,2005,15,1130,27.33,66.81,813,0,-6999,681.3,-6999,-6999,-.037,0,0,0,0
2,2005,15,1130,0
2,2005,15,1140,0
2,2005,15,1150,0
1,2005,15,1200,27.67,65.58,893,0,-6999,681.1,-6999,-6999,-.037,0,0,0,0
2,2005,15,1200,0
2,2005,15,1210,0
2,2005,15,1220,0
1,2005,15,1230,28.22,63.95,848,0,-6999,681,-6999,-6999,-.037,0,0,0,0
2,2005,15,1230,0
2,2005,15,1240,0
2,2005,15,1250,0
1,2005,15,1300,28.55,62.03,771,0,-6999,680.7,-6999,-6999,-.037,0,0,0,0
2,2005,15,1300,0
2,2005,15,1310,0
2,2005,15,1320,0
1,2005,15,1330,28.66,62.38,633.2,0,-6999,680.5,-6999,-6999,-.037,0,0,0,0
2,2005,15,1330,0
2,2005,15,1340,0
2,2005,15,1350,0
1,2005,15,1400,28.79,62.33,611.6,0,-6999,680.3,-6999,-6999,-.037,0,0,0,0
2,2005,15,1400,0
2,2005,15,1410,0
2,2005,15,1420,0
1,2005,15,1430,28.72,62.77,508.1,0,-6999,680,-6999,-6999,-.037,0,0,0,0
2,2005,15,1430,0
2,2005,15,1440,0
2,2005,15,1450,0
1,2005,15,1500,28.39,63.45,441.6,0,-6999,679.7,-6999,-6999,-.037,0,0,0,0
2,2005,15,1500,0
2,2005,15,1510,0
2,2005,15,1520,0
1,2005,15,1530,28.61,64.42,530.2,0,-6999,679.5,-6999,-6999,-.037,0,0,0,0
2,2005,15,1530,0
2,2005,15,1540,0
2,2005,15,1550,0
1,2005,15,1600,28.45,65.62,336.2,0,-6999,679.4,-6999,-6999,-.037,0,0,0,0
2,2005,15,1600,0
2,2005,15,1610,0
2,2005,15,1620,0
1,2005,15,1630,27.75,68.93,331.3,0,-6999,679.2,-6999,-6999,-.037,0,0,0,0
2,2005,15,1630,0
2,2005,15,1640,0
2,2005,15,1650,0
1,2005,15,1700,28.17,68.16,438.7,0,-6999,679.1,-6999,-6999,-.037,0,0,0,0
2,2005,15,1700,0
2,2005,15,1710,0
2,2005,15,1720,0
1,2005,15,1730,27.55,68.09,158.2,0,-6999,679.1,-6999,-6999,-.037,0,0,0,0
2,2005,15,1730,0
2,2005,15,1740,0
2,2005,15,1750,0
1,2005,15,1800,26.66,66.22,140.4,0,-6999,679.3,-6999,-6999,-.037,0,0,0,0
2,2005,15,1800,0
2,2005,15,1810,0
2,2005,15,1820,0
1,2005,15,1830,26.48,69.1,90.1,0,-6999,679.5,-6999,-6999,-.037,0,0,0,0
2,2005,15,1830,0
2,2005,15,1840,0
2,2005,15,1850,0
1,2005,15,1900,25.66,74.7,5.978,0,-6999,679.6,-6999,-6999,-.037,0,0,0,0
2,2005,15,1900,0
2,2005,15,1910,0
2,2005,15,1920,0
1,2005,15,1930,25.23,79.3,.246,0,-6999,679.9,-6999,-6999,-.037,0,0,0,0
2,2005,15,1930,0
2,2005,15,1940,0
2,2005,15,1950,0
1,2005,15,2000,25.15,82.7,0,0,-6999,680.2,-6999,-6999,-.037,0,0,0,0
2,2005,15,2000,0
2,2005,15,2010,0
2,2005,15,2020,0
1,2005,15,2030,24.87,82.6,0,0,-6999,680.4,-6999,-6999,-.037,0,0,0,0
2,2005,15,2030,0
2,2005,15,2040,0
2,2005,15,2050,0
1,2005,15,2100,24.33,84.4,0,0,-6999,680.5,-6999,-6999,-.037,0,0,0,0
2,2005,15,2100,0
2,2005,15,2110,0
2,2005,15,2120,0
1,2005,15,2130,23.84,87.2,0,0,-6999,680.7,-6999,-6999,-.037,0,0,0,0
2,2005,15,2130,0
2,2005,15,2140,0
2,2005,15,2150,0
1,2005,15,2200,23.39,90.4,0,0,-6999,681.1,-6999,-6999,-.037,0,0,0,0
2,2005,15,2200,0
2,2005,15,2210,0
2,2005,15,2220,0
1,2005,15,2230,23.14,93.3,0,0,-6999,681.3,-6999,-6999,-.037,0,0,0,0
2,2005,15,2230,0
2,2005,15,2240,0
2,2005,15,2250,0
1,2005,15,2300,23.19,93.3,0,0,-6999,681.3,-6999,-6999,-.037,0,0,0,0
2,2005,15,2300,0
2,2005,15,2310,0
2,2005,15,2320,0
1,2005,15,2330,23.14,92.4,0,0,-6999,681.1,-6999,-6999,-.037,0,0,0,0
2,2005,15,2330,0
2,2005,15,2340,0
2,2005,15,2350,0
1,2005,15,2400,22.89,93.1,.001,0,-6999,681,-6999,-6999,-.037,0,0,0,0
2,2005,15,2400,0
3,2005,15,2400,29.26,20.55,24.67,94.6,2356,57.47,1248,74.5,-6999,0,-6999,0,-6999,0
2,2005,16,10,0
2,2005,16,20,0
1,2005,16,30,22.73,92.9,0,0,-6999,680.9,-6999,-6999,-.037,0,0,0,0
2,2005,16,30,0
2,2005,16,40,0
2,2005,16,50,0
1,2005,16,100,22.68,92,0,0,-6999,680.8,-6999,-6999,-.037,0,0,0,0
2,2005,16,100,0
2,2005,16,110,0
2,2005,16,120,0
1,2005,16,130,22.46,92.5,0,0,-6999,680.6,-6999,-6999,-.037,0,0,0,0
2,2005,16,130,0
2,2005,16,140,0
2,2005,16,150,0
1,2005,16,200,22.56,92.3,.001,0,-6999,680.5,-6999,-6999,-.037,0,0,0,0
2,2005,16,200,0
2,2005,16,210,0
2,2005,16,220,0
1,2005,16,230,22.59,93.7,.001,0,-6999,680.6,-6999,-6999,-.037,0,0,0,0
2,2005,16,230,0
2,2005,16,240,0
2,2005,16,250,0
1,2005,16,300,22.52,94.9,0,0,-6999,680.5,-6999,-6999,-.037,0,0,0,0
2,2005,16,300,0
2,2005,16,310,0
2,2005,16,320,0
1,2005,16,330,22.44,95.8,0,0,-6999,680.4,-6999,-6999,-.037,0,0,0,0
2,2005,16,330,0
2,2005,16,340,0
2,2005,16,350,0
1,2005,16,400,22.43,96.5,0,0,-6999,680.4,-6999,-6999,-.037,0,0,0,0
2,2005,16,400,0
2,2005,16,410,0
2,2005,16,420,0
1,2005,16,430,22.49,96.4,0,0,-6999,680.3,-6999,-6999,-.037,0,0,0,0
2,2005,16,430,0
2,2005,16,440,0
2,2005,16,450,0
1,2005,16,500,22.3,97.2,0,0,-6999,680.4,-6999,-6999,-.037,0,0,0,0
2,2005,16,500,0
2,2005,16,510,0
2,2005,16,520,0
1,2005,16,530,22.11,97.6,.002,0,-6999,680.6,-6999,-6999,-.037,0,0,0,0
2,2005,16,530,0
2,2005,16,540,0
2,2005,16,550,0
1,2005,16,600,22.01,97.7,7.37,0,-6999,680.7,-6999,-6999,-.037,0,0,0,0
2,2005,16,600,0
2,2005,16,610,0
2,2005,16,620,0
1,2005,16,630,22.11,96.9,65.92,0,-6999,680.8,-6999,-6999,-.037,0,0,0,0
2,2005,16,630,0
2,2005,16,640,0
2,2005,16,650,0
1,2005,16,700,22.5,94.6,125.4,0,-6999,681,-6999,-6999,-.037,0,0,0,0
2,2005,16,700,0
2,2005,16,710,0
2,2005,16,720,0
1,2005,16,730,23.03,91.3,140.8,0,-6999,681.3,-6999,-6999,-.037,0,0,0,0
2,2005,16,730,0
2,2005,16,740,0
2,2005,16,750,0
1,2005,16,800,23.75,86.3,254.2,0,-6999,681.6,-6999,-6999,-.037,0,0,0,0
2,2005,16,800,0
2,2005,16,810,0
2,2005,16,820,0
1,2005,16,830,25.13,80,521.3,0,-6999,681.6,-6999,-6999,-.037,0,0,0,0
2,2005,16,830,0
2,2005,16,840,0
2,2005,16,850,0
1,2005,16,900,24.81,80,253.4,0,-6999,681.4,-6999,-6999,-.037,0,0,0,0
2,2005,16,900,0
2,2005,16,910,0
2,2005,16,920,0
1,2005,16,930,24.61,81.5,255.1,0,-6999,681.3,-6999,-6999,-.037,0,0,0,0
2,2005,16,930,0
2,2005,16,940,0
2,2005,16,950,0
1,2005,16,1000,25.12,79.3,451.6,0,-6999,680.8,-6999,-6999,-.037,0,0,0,0
2,2005,16,1000,0
2,2005,16,1010,0
2,2005,16,1020,0
1,2005,16,1030,25.58,77.5,497.7,0,-6999,680.4,-6999,-6999,-.037,0,0,0,0
2,2005,16,1030,0
2,2005,16,1040,0
2,2005,16,1050,0
1,2005,16,1100,25.92,78.5,478,0,-6999,680.1,-6999,-6999,-.037,0,0,0,0
2,2005,16,1100,0
2,2005,16,1110,0
2,2005,16,1120,0
1,2005,16,1130,26.18,76.6,462,0,-6999,680.5,-6999,-6999,-.037,0,0,0,0
2,2005,16,1130,0
2,2005,16,1140,0
2,2005,16,1150,0
1,2005,16,1200,26,77.7,336,0,-6999,680.7,-6999,-6999,-.037,0,0,0,0
2,2005,16,1200,0
2,2005,16,1210,0
2,2005,16,1220,0
1,2005,16,1230,25.39,83.3,269.3,0,-6999,680.8,-6999,-6999,-.037,0,0,0,0
2,2005,16,1230,0
2,2005,16,1240,0
2,2005,16,1250,0
1,2005,16,1300,26.58,74.6,564.9,0,-6999,680.6,-6999,-6999,-.037,0,0,0,0
2,2005,16,1300,0
2,2005,16,1310,0
2,2005,16,1320,0
1,2005,16,1330,28.03,64.51,807,0,-6999,680.2,-6999,-6999,-.037,0,0,0,0
2,2005,16,1330,0
2,2005,16,1340,0
2,2005,16,1350,0
1,2005,16,1400,29.05,61.59,958,0,-6999,680.2,-6999,-6999,-.037,0,0,0,0
2,2005,16,1400,0
2,2005,16,1410,0
2,2005,16,1420,0
1,2005,16,1430,28.9,60.65,828,0,-6999,680.1,-6999,-6999,-.037,0,0,0,0
2,2005,16,1430,0
2,2005,16,1440,0
2,2005,16,1450,0
1,2005,16,1500,28.58,63.69,388.9,0,-6999,679.6,-6999,-6999,-.037,0,0,0,0
2,2005,16,1500,0
2,2005,16,1510,0
2,2005,16,1520,0
1,2005,16,1530,28.53,61.69,436,0,-6999,679.1,-6999,-6999,-.037,0,0,0,0
2,2005,16,1530,0
2,2005,16,1540,0
2,2005,16,1550,0
1,2005,16,1600,28.98,66.28,449.2,0,-6999,678.8,-6999,-6999,-.037,0,0,0,0
2,2005,16,1600,0
2,2005,16,1610,0
2,2005,16,1620,0
1,2005,16,1630,29.15,58.65,383.8,0,-6999,678.5,-6999,-6999,-.037,0,0,0,0
2,2005,16,1630,0
2,2005,16,1640,0
2,2005,16,1650,0
1,2005,16,1700,28.54,62.61,197.4,0,-6999,678.8,-6999,-6999,-.037,0,0,0,0
2,2005,16,1700,0
2,2005,16,1710,0
2,2005,16,1720,0
1,2005,16,1730,27.02,71.5,35.2,0,-6999,679.3,-6999,-6999,-.037,0,0,0,0
2,2005,16,1730,0
2,2005,16,1740,0
2,2005,16,1750,2.6
1,2005,16,1800,24.19,79.7,8.52,0,-6999,679.4,-6999,-6999,-.037,0,0,0,0
2,2005,16,1800,4.1
2,2005,16,1810,3.5
2,2005,16,1820,1.4
1,2005,16,1830,21.22,94,2.9,0,-6999,680,-6999,-6999,-.037,0,0,0,0
2,2005,16,1830,6.3
2,2005,16,1840,5
2,2005,16,1850,4.3
1,2005,16,1900,20.84,101.4,.595,0,-6999,680.4,-6999,-6999,-.037,0,0,0,0
2,2005,16,1900,2.4
2,2005,16,1910,1.2
2,2005,16,1920,.3
1,2005,16,1930,20.4,102,.009,0,-6999,680.6,-6999,-6999,-.037,0,0,0,0
2,2005,16,1930,.4
2,2005,16,1940,.4
2,2005,16,1950,.8
1,2005,16,2000,20.33,102.2,0,0,-6999,680.9,-6999,-6999,-.037,0,0,0,0
2,2005,16,2000,.5
2,2005,16,2010,.2
2,2005,16,2020,0
1,2005,16,2030,20.3,102.2,0,0,-6999,680.7,-6999,-6999,-.037,0,0,0,0
2,2005,16,2030,.2
2,2005,16,2040,.1
2,2005,16,2050,.1
1,2005,16,2100,20.21,102.1,0,0,-6999,680.7,-6999,-6999,-.037,0,0,0,0
2,2005,16,2100,.1
2,2005,16,2110,0
2,2005,16,2120,0
1,2005,16,2130,20.11,101.9,.002,0,-6999,680.9,-6999,-6999,-.037,0,0,0,0
2,2005,16,2130,0
2,2005,16,2140,.1
2,2005,16,2150,0
1,2005,16,2200,19.97,102.1,0,0,-6999,681.3,-6999,-6999,-.037,0,0,0,0
2,2005,16,2200,0
2,2005,16,2210,0
2,2005,16,2220,0
1,2005,16,2230,19.79,102.2,0,0,-6999,682,-6999,-6999,-.037,0,0,0,0
2,2005,16,2230,.2
2,2005,16,2240,.3
2,2005,16,2250,1.3
1,2005,16,2300,19.94,102.3,0,0,-6999,682.2,-6999,-6999,-.037,0,0,0,0
2,2005,16,2300,2.5
2,2005,16,2310,1.6
2,2005,16,2320,.6
1,2005,16,2330,19.82,102.3,0,0,-6999,682.3,-6999,-6999,-.037,0,0,0,0
2,2005,16,2330,.8
2,2005,16,2340,.5
2,2005,16,2350,.6
1,2005,16,2400,19.76,102.4,0,0,-6999,682.1,-6999,-6999,-.037,0,0,0,0
2,2005,16,2400,.4
3,2005,16,2400,29.79,19.66,23.74,102.5,2345,52.42,1613,86.8,-6999,0,-6999,0,-6999,42.8
2,2005,17,10,.4
2,2005,17,20,.3
1,2005,17,30,19.66,102.4,0,0,-6999,681.4,-6999,-6999,-.037,0,0,0,0
2,2005,17,30,.1
2,2005,17,40,0
2,2005,17,50,0
1,2005,17,100,19.55,102.4,0,0,-6999,680.6,-6999,-6999,-.037,0,0,0,0
2,2005,17,100,.1
2,2005,17,110,0
2,2005,17,120,0
1,2005,17,130,19.52,102.4,0,0,-6999,680.2,-6999,-6999,-.037,0,0,0,0
2,2005,17,130,0
2,2005,17,140,0
2,2005,17,150,0
1,2005,17,200,19.44,102.2,.027,0,-6999,679.9,-6999,-6999,-.037,0,0,0,0
2,2005,17,200,0
2,2005,17,210,0
2,2005,17,220,0
1,2005,17,230,19.41,102,.037,0,-6999,679.8,-6999,-6999,-.037,0,0,0,0
2,2005,17,230,0
2,2005,17,240,0
2,2005,17,250,0
1,2005,17,300,19.43,101.7,.081,0,-6999,679.6,-6999,-6999,-.037,0,0,0,0
2,2005,17,300,0
2,2005,17,310,0
2,2005,17,320,0
1,2005,17,330,19.36,101.5,.113,0,-6999,679.8,-6999,-6999,-.037,0,0,0,0
2,2005,17,330,0
2,2005,17,340,0
2,2005,17,350,0
1,2005,17,400,19.35,101,.131,0,-6999,680,-6999,-6999,-.037,0,0,0,0
2,2005,17,400,0
2,2005,17,410,0
2,2005,17,420,0
1,2005,17,430,19.34,100.4,.187,0,-6999,680.1,-6999,-6999,-.037,0,0,0,0
2,2005,17,430,0
2,2005,17,440,0
2,2005,17,450,0
1,2005,17,500,19.31,100.3,.192,0,-6999,680.4,-6999,-6999,-.037,0,0,0,0
2,2005,17,500,0
2,2005,17,510,0
2,2005,17,520,0
1,2005,17,530,19.38,99.8,.203,0,-6999,680.4,-6999,-6999,-.037,0,0,0,0
2,2005,17,530,0
2,2005,17,540,0
2,2005,17,550,0
1,2005,17,600,19.29,100.2,1.959,0,-6999,680.6,-6999,-6999,-.037,0,0,0,0
2,2005,17,600,0
2,2005,17,610,0
2,2005,17,620,0
1,2005,17,630,19.47,99.1,12.96,0,-6999,680.8,-6999,-6999,-.037,0,0,0,0
2,2005,17,630,0
2,2005,17,640,0
2,2005,17,650,0
1,2005,17,700,19.6,98.6,29.81,0,-6999,680.9,-6999,-6999,-.037,0,0,0,0
2,2005,17,700,0
2,2005,17,710,0
2,2005,17,720,0
1,2005,17,730,19.71,98.3,51.68,0,-6999,681,-6999,-6999,-.037,0,0,0,0
2,2005,17,730,0
2,2005,17,740,0
2,2005,17,750,0
1,2005,17,800,20.09,98,126.7,0,-6999,681.4,-6999,-6999,-.037,0,0,0,0
2,2005,17,800,0
2,2005,17,810,0
2,2005,17,820,0
1,2005,17,830,20.82,95.2,228,0,-6999,681.5,-6999,-6999,-.037,0,0,0,0
2,2005,17,830,0
2,2005,17,840,0
2,2005,17,850,0
1,2005,17,900,21.76,92,314,0,-6999,681.7,-6999,-6999,-.037,0,0,0,0
2,2005,17,900,0
2,2005,17,910,0
2,2005,17,920,0
1,2005,17,930,22.39,90.6,315.3,0,-6999,681.7,-6999,-6999,-.037,0,0,0,0
2,2005,17,930,0
2,2005,17,940,0
2,2005,17,950,0
1,2005,17,1000,22.89,88.9,369.2,0,-6999,681.7,-6999,-6999,-.037,0,0,0,0
2,2005,17,1000,0
2,2005,17,1010,0
2,2005,17,1020,0
1,2005,17,1030,23.19,87.3,296,0,-6999,681.7,-6999,-6999,-.037,0,0,0,0
2,2005,17,1030,0
2,2005,17,1040,0
2,2005,17,1050,0
1,2005,17,1100,23.6,86,443.2,0,-6999,681.6,-6999,-6999,-.037,0,0,0,0
2,2005,17,1100,0
2,2005,17,1110,0
2,2005,17,1120,0
1,2005,17,1130,24.2,84,689.4,0,-6999,681.3,-6999,-6999,-.037,0,0,0,0
2,2005,17,1130,0
2,2005,17,1140,0
2,2005,17,1150,0
1,2005,17,1200,25.24,81.2,836,0,-6999,681,-6999,-6999,-.037,0,0,0,0
2,2005,17,1200,0
2,2005,17,1210,0
2,2005,17,1220,0
1,2005,17,1230,25.8,78.3,576.3,0,-6999,681,-6999,-6999,-.037,0,0,0,0
2,2005,17,1230,0
2,2005,17,1240,0
2,2005,17,1250,0
1,2005,17,1300,25.29,80.9,312,0,-6999,681,-6999,-6999,-.037,0,0,0,0
2,2005,17,1300,0
2,2005,17,1310,0
2,2005,17,1320,0
1,2005,17,1330,24.6,84.4,156.9,0,-6999,681.1,-6999,-6999,-.037,0,0,0,0
2,2005,17,1330,0
2,2005,17,1340,0
2,2005,17,1350,0
1,2005,17,1400,24.42,87.7,231,0,-6999,681.1,-6999,-6999,-.037,0,0,0,0
2,2005,17,1400,0
2,2005,17,1410,0
2,2005,17,1420,0
1,2005,17,1430,24.6,88.6,377.8,0,-6999,680.9,-6999,-6999,-.037,0,0,0,0
2,2005,17,1430,0
2,2005,17,1440,0
2,2005,17,1450,0
1,2005,17,1500,24.6,88.3,265.8,0,-6999,680.6,-6999,-6999,-.037,0,0,0,0
2,2005,17,1500,0
2,2005,17,1510,0
2,2005,17,1520,0
1,2005,17,1530,25.16,84.7,327.2,0,-6999,680.4,-6999,-6999,-.037,0,0,0,0
2,2005,17,1530,0
2,2005,17,1540,0
2,2005,17,1550,0
1,2005,17,1600,24.91,85,213.2,0,-6999,680.1,-6999,-6999,-.037,0,0,0,0
2,2005,17,1600,0
2,2005,17,1610,0
2,2005,17,1620,0
1,2005,17,1630,24.89,84.9,271.4,0,-6999,679.9,-6999,-6999,-.037,0,0,0,0
2,2005,17,1630,0
2,2005,17,1640,0
2,2005,17,1650,0
1,2005,17,1700,25.02,83.5,262.7,0,-6999,679.8,-6999,-6999,-.037,0,0,0,0
2,2005,17,1700,0
2,2005,17,1710,0
2,2005,17,1720,0
1,2005,17,1730,25.45,81.6,327.6,0,-6999,679.8,-6999,-6999,-.037,0,0,0,0
2,2005,17,1730,0
2,2005,17,1740,0
2,2005,17,1750,0
1,2005,17,1800,25.12,82.8,129.2,0,-6999,679.9,-6999,-6999,-.037,0,0,0,0
2,2005,17,1800,0
2,2005,17,1810,0
2,2005,17,1820,0
1,2005,17,1830,23.39,90.8,48.53,0,-6999,680.2,-6999,-6999,-.037,0,0,0,0
2,2005,17,1830,0
2,2005,17,1840,0
2,2005,17,1850,0
1,2005,17,1900,22.04,92.8,8.07,0,-6999,680.5,-6999,-6999,-.037,0,0,0,0
2,2005,17,1900,0
2,2005,17,1910,0
2,2005,17,1920,0
1,2005,17,1930,21.68,94.4,.984,0,-6999,680.7,-6999,-6999,-.037,0,0,0,0
2,2005,17,1930,0
2,2005,17,1940,0
2,2005,17,1950,0
1,2005,17,2000,21.58,94.8,0,0,-6999,680.8,-6999,-6999,-.037,0,0,0,0
2,2005,17,2000,0
2,2005,17,2010,0
2,2005,17,2020,0
1,2005,17,2030,21.46,95.1,0,0,-6999,680.9,-6999,-6999,-.037,0,0,0,0
2,2005,17,2030,0
2,2005,17,2040,0
2,2005,17,2050,0
1,2005,17,2100,21.5,94.6,0,0,-6999,681.2,-6999,-6999,-.037,0,0,0,0
2,2005,17,2100,0
2,2005,17,2110,0
2,2005,17,2120,0
1,2005,17,2130,21.75,92.4,0,0,-6999,681.2,-6999,-6999,-.037,0,0,0,0
2,2005,17,2130,0
2,2005,17,2140,0
2,2005,17,2150,0
1,2005,17,2200,21.57,94.9,0,0,-6999,681.5,-6999,-6999,-.037,0,0,0,0
2,2005,17,2200,0
2,2005,17,2210,0
2,2005,17,2220,0
1,2005,17,2230,21.74,95.2,0,0,-6999,681.6,-6999,-6999,-.037,0,0,0,0
2,2005,17,2230,0
2,2005,17,2240,0
2,2005,17,2250,0
1,2005,17,2300,21.51,97.1,0,0,-6999,681.7,-6999,-6999,-.037,0,0,0,0
2,2005,17,2300,.2
2,2005,17,2310,.9
2,2005,17,2320,.6
1,2005,17,2330,21.02,100.5,.041,0,-6999,681.7,-6999,-6999,-.037,0,0,0,0
2,2005,17,2330,.4
2,2005,17,2340,.2
2,2005,17,2350,.1
1,2005,17,2400,20.93,101.3,.081,0,-6999,681.5,-6999,-6999,-.037,0,0,0,0
2,2005,17,2400,.2
3,2005,17,2400,25.98,19.2,22,102.5,51,75.4,1216,93.1,-6999,0,-6999,0,-6999,3.5
2,2005,18,10,.1
2,2005,18,20,.5
1,2005,18,30,21.01,101.4,.09,0,-6999,681.3,-6999,-6999,-.037,0,0,0,0
2,2005,18,30,.1
2,2005,18,40,0
2,2005,18,50,0
1,2005,18,100,20.84,101.6,.043,0,-6999,680.9,-6999,-6999,-.037,0,0,0,0
2,2005,18,100,0
2,2005,18,110,0
2,2005,18,120,0
1,2005,18,130,20.54,101.8,.008,0,-6999,680.9,-6999,-6999,-.037,0,0,0,0
2,2005,18,130,0
2,2005,18,140,0
2,2005,18,150,0
1,2005,18,200,20.23,101.9,.041,0,-6999,680.6,-6999,-6999,-.037,0,0,0,0
2,2005,18,200,.2
2,2005,18,210,0
2,2005,18,220,0
1,2005,18,230,20.06,101.9,.088,0,-6999,680.4,-6999,-6999,-.037,0,0,0,0
2,2005,18,230,0
2,2005,18,240,0
2,2005,18,250,0
1,2005,18,300,20.05,101.9,.112,0,-6999,680.4,-6999,-6999,-.037,0,0,0,0
2,2005,18,300,0
2,2005,18,310,0
2,2005,18,320,0
1,2005,18,330,20.18,101.8,.117,0,-6999,680.5,-6999,-6999,-.037,0,0,0,0
2,2005,18,330,0
2,2005,18,340,0
2,2005,18,350,0
1,2005,18,400,20.34,101.7,.103,0,-6999,680.4,-6999,-6999,-.037,0,0,0,0
2,2005,18,400,0
2,2005,18,410,0
2,2005,18,420,0
1,2005,18,430,20.55,100.9,.129,0,-6999,680.5,-6999,-6999,-.037,0,0,0,0
2,2005,18,430,0
2,2005,18,440,0
2,2005,18,450,0
1,2005,18,500,20.42,101.3,.108,0,-6999,680.6,-6999,-6999,-.037,0,0,0,0
2,2005,18,500,0
2,2005,18,510,0
2,2005,18,520,0
1,2005,18,530,20.3,101.9,.006,0,-6999,680.6,-6999,-6999,-.037,0,0,0,0
2,2005,18,530,0
2,2005,18,540,0
2,2005,18,550,0
1,2005,18,600,20.15,102.2,1.015,0,-6999,680.8,-6999,-6999,-.037,0,0,0,0
2,2005,18,600,0
2,2005,18,610,0
2,2005,18,620,0
1,2005,18,630,20.05,102.3,6.999,0,-6999,681.1,-6999,-6999,-.037,0,0,0,0
2,2005,18,630,0
2,2005,18,640,0
2,2005,18,650,0
1,2005,18,700,20.14,102.4,20.83,0,-6999,681.3,-6999,-6999,-.037,0,0,0,0
2,2005,18,700,0
2,2005,18,710,0
2,2005,18,720,0
1,2005,18,730,20.26,102.4,55.08,0,-6999,681.5,-6999,-6999,-.037,0,0,0,0
2,2005,18,730,0
2,2005,18,740,0
2,2005,18,750,0
1,2005,18,800,20.47,102.4,103.1,0,-6999,681.7,-6999,-6999,-.037,0,0,0,0
2,2005,18,800,0
2,2005,18,810,0
2,2005,18,820,0
1,2005,18,830,20.57,102.4,95.2,0,-6999,681.8,-6999,-6999,-.037,0,0,0,0
2,2005,18,830,0
2,2005,18,840,0
2,2005,18,850,0
1,2005,18,900,20.57,102.4,107.6,0,-6999,681.9,-6999,-6999,-.037,0,0,0,0
2,2005,18,900,0
2,2005,18,910,0
2,2005,18,920,0
1,2005,18,930,20.57,102.4,115.8,0,-6999,682.1,-6999,-6999,-.037,0,0,0,0
2,2005,18,930,0
2,2005,18,940,0
2,2005,18,950,0
1,2005,18,1000,20.68,102.4,142,0,-6999,682.2,-6999,-6999,-.037,0,0,0,0
2,2005,18,1000,0
2,2005,18,1010,0
2,2005,18,1020,0
1,2005,18,1030,21.02,102.4,245,0,-6999,682.2,-6999,-6999,-.037,0,0,0,0
2,2005,18,1030,0
2,2005,18,1040,0
2,2005,18,1050,0
1,2005,18,1100,21.23,102.4,239.7,0,-6999,682.2,-6999,-6999,-.037,0,0,0,0
2,2005,18,1100,0
2,2005,18,1110,0
2,2005,18,1120,0
1,2005,18,1130,21.71,102.3,391.7,0,-6999,682.3,-6999,-6999,-.037,0,0,0,0
2,2005,18,1130,0
2,2005,18,1140,0
2,2005,18,1150,0
1,2005,18,1200,22.08,100.9,316,0,-6999,682.1,-6999,-6999,-.037,0,0,0,0
2,2005,18,1200,0
2,2005,18,1210,0
2,2005,18,1220,0
1,2005,18,1230,23.03,98.1,532.8,0,-6999,681.8,-6999,-6999,-.037,0,0,0,0
2,2005,18,1230,0
2,2005,18,1240,0
2,2005,18,1250,0
1,2005,18,1300,24.47,90.2,613.5,0,-6999,681.5,-6999,-6999,-.037,0,0,0,0
2,2005,18,1300,0
2,2005,18,1310,0
2,2005,18,1320,0
1,2005,18,1330,25.35,84.3,590.3,0,-6999,681.2,-6999,-6999,-.037,0,0,0,0
2,2005,18,1330,0
2,2005,18,1340,0
2,2005,18,1350,0
1,2005,18,1400,26.1,78.6,662.8,0,-6999,680.9,-6999,-6999,-.037,0,0,0,0
2,2005,18,1400,0
2,2005,18,1410,0
2,2005,18,1420,0
1,2005,18,1430,26.08,78.4,328.9,0,-6999,680.6,-6999,-6999,-.037,0,0,0,0
2,2005,18,1430,0
2,2005,18,1440,0
2,2005,18,1450,0
1,2005,18,1500,23.52,88.7,120.8,0,-6999,680.6,-6999,-6999,-.037,0,0,0,0
2,2005,18,1500,0
2,2005,18,1510,0
2,2005,18,1520,0
1,2005,18,1530,23.67,84.7,212.4,0,-6999,680.4,-6999,-6999,-.037,0,0,0,0
2,2005,18,1530,0
2,2005,18,1540,0
2,2005,18,1550,0
1,2005,18,1600,24.02,84.6,140.3,0,-6999,680.3,-6999,-6999,-.037,0,0,0,0
2,2005,18,1600,0
2,2005,18,1610,0
2,2005,18,1620,0
1,2005,18,1630,24.48,86.7,140.7,0,-6999,680.2,-6999,-6999,-.037,0,0,0,0
2,2005,18,1630,0
2,2005,18,1640,0
2,2005,18,1650,0
1,2005,18,1700,24.2,90.5,93.2,0,-6999,680.1,-6999,-6999,-.037,0,0,0,0
2,2005,18,1700,0
2,2005,18,1710,0
2,2005,18,1720,0
1,2005,18,1730,23.87,93,89.1,0,-6999,680.1,-6999,-6999,-.037,0,0,0,0
2,2005,18,1730,0
2,2005,18,1740,0
2,2005,18,1750,0
1,2005,18,1800,23.67,91.8,53.51,0,-6999,680.6,-6999,-6999,-.037,0,0,0,0
2,2005,18,1800,0
2,2005,18,1810,0
2,2005,18,1820,0
1,2005,18,1830,23.27,95.2,19.65,0,-6999,680.8,-6999,-6999,-.037,0,0,0,0
2,2005,18,1830,0
2,2005,18,1840,0
2,2005,18,1850,0
1,2005,18,1900,23.09,96.1,5.562,0,-6999,680.9,-6999,-6999,-.037,0,0,0,0
2,2005,18,1900,0
2,2005,18,1910,0
2,2005,18,1920,0
1,2005,18,1930,22.93,96.3,.244,0,-6999,681,-6999,-6999,-.037,0,0,0,0
2,2005,18,1930,0
2,2005,18,1940,0
2,2005,18,1950,0
1,2005,18,2000,22.43,100,0,0,-6999,681.3,-6999,-6999,-.037,0,0,0,0
2,2005,18,2000,0
2,2005,18,2010,0
2,2005,18,2020,0
1,2005,18,2030,21.56,101.1,.002,0,-6999,681.5,-6999,-6999,-.037,0,0,0,0
2,2005,18,2030,0
2,2005,18,2040,0
2,2005,18,2050,0
1,2005,18,2100,21.19,101.4,.007,0,-6999,681.7,-6999,-6999,-.037,0,0,0,0
2,2005,18,2100,0
2,2005,18,2110,0
2,2005,18,2120,0
1,2005,18,2130,21.18,101.4,.008,0,-6999,681.8,-6999,-6999,-.037,0,0,0,0
2,2005,18,2130,0
2,2005,18,2140,0
2,2005,18,2150,0
1,2005,18,2200,21.09,101.5,.015,0,-6999,682,-6999,-6999,-.037,0,0,0,0
2,2005,18,2200,0
2,2005,18,2210,0
2,2005,18,2220,0
1,2005,18,2230,20.99,101.7,.01,0,-6999,682.2,-6999,-6999,-.037,0,0,0,0
2,2005,18,2230,0
2,2005,18,2240,0
2,2005,18,2250,0
1,2005,18,2300,20.93,101.7,.002,0,-6999,682.1,-6999,-6999,-.037,0,0,0,0
2,2005,18,2300,0
2,2005,18,2310,0
2,2005,18,2320,0
1,2005,18,2330,20.82,101.6,.011,0,-6999,681.9,-6999,-6999,-.037,0,0,0,0
2,2005,18,2330,0
2,2005,18,2340,0
2,2005,18,2350,0
1,2005,18,2400,20.72,101.6,.011,0,-6999,681.8,-6999,-6999,-.037,0,0,0,0
2,2005,18,2400,0
3,2005,18,2400,26.72,19.93,21.81,102.5,722,73.3,1411,97.8,-6999,0,-6999,0,-6999,.9
2,2005,19,10,0
2,2005,19,20,0
1,2005,19,30,20.53,101.6,.021,0,-6999,681.6,-6999,-6999,-.037,0,0,0,0
2,2005,19,30,0
2,2005,19,40,0
2,2005,19,50,0
1,2005,19,100,20.41,101.7,.028,0,-6999,681.3,-6999,-6999,-.037,0,0,0,0
2,2005,19,100,.1
2,2005,19,110,.4
2,2005,19,120,0
1,2005,19,130,20.4,101.7,.1,0,-6999,681.1,-6999,-6999,-.037,0,0,0,0
2,2005,19,130,0
2,2005,19,140,0
2,2005,19,150,0
1,2005,19,200,20.25,101.9,.175,0,-6999,680.8,-6999,-6999,-.037,0,0,0,0
2,2005,19,200,0
2,2005,19,210,0
2,2005,19,220,0
1,2005,19,230,20.23,101.9,.182,0,-6999,680.7,-6999,-6999,-.037,0,0,0,0
2,2005,19,230,0
2,2005,19,240,0
2,2005,19,250,0
1,2005,19,300,20.32,101.9,.185,0,-6999,680.7,-6999,-6999,-.037,0,0,0,0
2,2005,19,300,0
2,2005,19,310,.1
2,2005,19,320,0
1,2005,19,330,20.41,101.8,.176,0,-6999,680.6,-6999,-6999,-.037,0,0,0,0
2,2005,19,330,0
2,2005,19,340,0
2,2005,19,350,0
1,2005,19,400,20.48,101.7,.194,0,-6999,680.5,-6999,-6999,-.037,0,0,0,0
2,2005,19,400,0
2,2005,19,410,0
2,2005,19,420,0
1,2005,19,430,20.57,101.7,.169,0,-6999,680.7,-6999,-6999,-.037,0,0,0,0
2,2005,19,430,3.3
2,2005,19,440,1.2
2,2005,19,450,.2
1,2005,19,500,20.39,101.9,.081,0,-6999,680.8,-6999,-6999,-.037,0,0,0,0
2,2005,19,500,1.5
2,2005,19,510,2.1
2,2005,19,520,.2
1,2005,19,530,20.36,102.1,.001,0,-6999,680.9,-6999,-6999,-.037,0,0,0,0
2,2005,19,530,.1
2,2005,19,540,0
2,2005,19,550,0
1,2005,19,600,20.41,102.2,.122,0,-6999,681.4,-6999,-6999,-.037,0,0,0,0
2,2005,19,600,0
2,2005,19,610,0
2,2005,19,620,0
1,2005,19,630,20.45,102.3,6.272,0,-6999,681.6,-6999,-6999,-.037,0,0,0,0
2,2005,19,630,0
2,2005,19,640,0
2,2005,19,650,0
1,2005,19,700,20.5,102.2,10.11,0,-6999,681.9,-6999,-6999,-.037,0,0,0,0
2,2005,19,700,0
2,2005,19,710,0
2,2005,19,720,.1
1,2005,19,730,20.53,102.1,18.19,0,-6999,682.1,-6999,-6999,-.037,0,0,0,0
2,2005,19,730,.2
2,2005,19,740,.1
2,2005,19,750,0
1,2005,19,800,20.54,102.2,32.72,0,-6999,682.3,-6999,-6999,-.037,0,0,0,0
2,2005,19,800,0
2,2005,19,810,0
2,2005,19,820,0
1,2005,19,830,20.68,102.2,55.82,0,-6999,682.3,-6999,-6999,-.037,0,0,0,0
2,2005,19,830,0
2,2005,19,840,.1
2,2005,19,850,1.2
1,2005,19,900,20.65,102,33.57,0,-6999,682.4,-6999,-6999,-.037,0,0,0,0
2,2005,19,900,2.9
2,2005,19,910,4.9
2,2005,19,920,5.3
1,2005,19,930,20.45,102.3,11.82,0,-6999,682.6,-6999,-6999,-.037,0,0,0,0
2,2005,19,930,3.4
2,2005,19,940,1.6
2,2005,19,950,1.8
1,2005,19,1000,20.4,102.4,8.21,0,-6999,682.7,-6999,-6999,-.037,0,0,0,0
2,2005,19,1000,4.1
2,2005,19,1010,2.8
2,2005,19,1020,1.6
1,2005,19,1030,20.28,102.5,19.58,0,-6999,682.8,-6999,-6999,-.037,0,0,0,0
2,2005,19,1030,1.7
2,2005,19,1040,1.4
2,2005,19,1050,.6
1,2005,19,1100,20.2,102.5,41.26,0,-6999,682.7,-6999,-6999,-.037,0,0,0,0
2,2005,19,1100,.8
2,2005,19,1110,.8
2,2005,19,1120,.7
1,2005,19,1130,20.17,102.6,50.19,0,-6999,682.7,-6999,-6999,-.037,0,0,0,0
2,2005,19,1130,.5
2,2005,19,1140,.5
2,2005,19,1150,.4
1,2005,19,1200,20.29,102.6,58.92,0,-6999,682.4,-6999,-6999,-.037,0,0,0,0
2,2005,19,1200,.3
2,2005,19,1210,.2
2,2005,19,1220,.1
1,2005,19,1230,20.39,102.5,82.5,0,-6999,682.3,-6999,-6999,-.037,0,0,0,0
2,2005,19,1230,.1
2,2005,19,1240,.1
2,2005,19,1250,.1
1,2005,19,1300,20.5,102.5,78.9,0,-6999,682.1,-6999,-6999,-.037,0,0,0,0
2,2005,19,1300,0
2,2005,19,1310,.1
2,2005,19,1320,0
1,2005,19,1330,20.55,102.5,51.89,0,-6999,681.8,-6999,-6999,-.037,0,0,0,0
2,2005,19,1330,0
2,2005,19,1340,0
2,2005,19,1350,0
1,2005,19,1400,20.7,102.5,58.68,0,-6999,681.6,-6999,-6999,-.037,0,0,0,0
2,2005,19,1400,.1
2,2005,19,1410,.3
2,2005,19,1420,0
1,2005,19,1430,20.89,102.5,69.4,0,-6999,681.4,-6999,-6999,-.037,0,0,0,0
2,2005,19,1430,.8
2,2005,19,1440,0
2,2005,19,1450,.1
1,2005,19,1500,21,102.5,92.6,0,-6999,681.1,-6999,-6999,-.037,0,0,0,0
2,2005,19,1500,.2
2,2005,19,1510,0
2,2005,19,1520,0
1,2005,19,1530,21.03,102.5,57.62,0,-6999,680.9,-6999,-6999,-.037,0,0,0,0
2,2005,19,1530,0
2,2005,19,1540,0
2,2005,19,1550,0
1,2005,19,1600,20.87,102.5,57.25,0,-6999,680.6,-6999,-6999,-.037,0,0,0,0
2,2005,19,1600,0
2,2005,19,1610,.1
2,2005,19,1620,.1
1,2005,19,1630,20.87,102.5,60.91,0,-6999,680.4,-6999,-6999,-.037,0,0,0,0
2,2005,19,1630,.1
2,2005,19,1640,0
2,2005,19,1650,0
1,2005,19,1700,20.97,102.5,60.23,0,-6999,680.4,-6999,-6999,-.037,0,0,0,0
2,2005,19,1700,0
2,2005,19,1710,0
2,2005,19,1720,0
1,2005,19,1730,20.99,102.5,60.63,0,-6999,680.6,-6999,-6999,-.037,0,0,0,0
2,2005,19,1730,0
2,2005,19,1740,0
2,2005,19,1750,0
1,2005,19,1800,21,102.5,56.95,0,-6999,680.6,-6999,-6999,-.037,0,0,0,0
2,2005,19,1800,0
2,2005,19,1810,0
2,2005,19,1820,0
1,2005,19,1830,20.91,102.5,36.37,0,-6999,680.8,-6999,-6999,-.037,0,0,0,0
2,2005,19,1830,0
2,2005,19,1840,0
2,2005,19,1850,0
1,2005,19,1900,20.8,102.4,10.52,0,-6999,681.1,-6999,-6999,-.037,0,0,0,0
2,2005,19,1900,0
2,2005,19,1910,0
2,2005,19,1920,0
1,2005,19,1930,20.73,102.4,.274,0,-6999,681.3,-6999,-6999,-.037,0,0,0,0
2,2005,19,1930,0
2,2005,19,1940,0
2,2005,19,1950,0
1,2005,19,2000,20.69,102.5,.085,0,-6999,681.4,-6999,-6999,-.037,0,0,0,0
2,2005,19,2000,0
2,2005,19,2010,0
2,2005,19,2020,0
1,2005,19,2030,20.6,102.5,.105,0,-6999,681.6,-6999,-6999,-.037,0,0,0,0
2,2005,19,2030,0
2,2005,19,2040,0
2,2005,19,2050,0
1,2005,19,2100,20.59,102.5,.107,0,-6999,682,-6999,-6999,-.037,0,0,0,0
2,2005,19,2100,0
2,2005,19,2110,0
2,2005,19,2120,0
1,2005,19,2130,20.63,102.6,.138,0,-6999,682.2,-6999,-6999,-.037,0,0,0,0
2,2005,19,2130,0
2,2005,19,2140,0
2,2005,19,2150,.2
1,2005,19,2200,20.67,102.6,.106,0,-6999,682.4,-6999,-6999,-.037,0,0,0,0
2,2005,19,2200,0
2,2005,19,2210,0
2,2005,19,2220,.1
1,2005,19,2230,20.62,102.6,.054,0,-6999,682.6,-6999,-6999,-.037,0,0,0,0
2,2005,19,2230,0
2,2005,19,2240,.2
2,2005,19,2250,0
1,2005,19,2300,20.54,102.6,.042,0,-6999,682.7,-6999,-6999,-.037,0,0,0,0
2,2005,19,2300,.1
2,2005,19,2310,.2
2,2005,19,2320,.1
1,2005,19,2330,20.3,102.6,.026,0,-6999,682.7,-6999,-6999,-.037,0,0,0,0
2,2005,19,2330,0
2,2005,19,2340,0
2,2005,19,2350,0
1,2005,19,2400,20.27,102.6,.01,0,-6999,682.5,-6999,-6999,-.037,0,0,0,0
2,2005,19,2400,.1
3,2005,19,2400,21.15,20.07,20.56,102.7,1059,101.5,0,102.3,-6999,0,-6999,0,-6999,50.5
2,2005,20,10,.1
2,2005,20,20,.2
1,2005,20,30,20.22,102.6,.023,0,-6999,682.4,-6999,-6999,-.037,0,0,0,0
2,2005,20,30,0
2,2005,20,40,.1
2,2005,20,50,0
1,2005,20,100,20.18,102.6,.064,0,-6999,682.2,-6999,-6999,-.037,0,0,0,0
2,2005,20,100,0
2,2005,20,110,.1
2,2005,20,120,0
1,2005,20,130,20.17,102.6,.021,0,-6999,681.9,-6999,-6999,-.037,0,0,0,0
2,2005,20,130,0
2,2005,20,140,.1
2,2005,20,150,0
1,2005,20,200,20.14,102.6,.016,0,-6999,681.6,-6999,-6999,-.037,0,0,0,0
2,2005,20,200,0
2,2005,20,210,0
2,2005,20,220,0
1,2005,20,230,20.1,102.7,.006,0,-6999,681.5,-6999,-6999,-.037,0,0,0,0
2,2005,20,230,0
2,2005,20,240,2.3
2,2005,20,250,.7
1,2005,20,300,20.05,102.7,.04,0,-6999,681.4,-6999,-6999,-.037,0,0,0,0
2,2005,20,300,0
2,2005,20,310,.1
2,2005,20,320,0
1,2005,20,330,19.49,102.7,.002,0,-6999,681.4,-6999,-6999,-.037,0,0,0,0
2,2005,20,330,0
2,2005,20,340,0
2,2005,20,350,0
1,2005,20,400,19.47,102.7,.002,0,-6999,681.5,-6999,-6999,-.037,0,0,0,0
2,2005,20,400,.2
2,2005,20,410,0
2,2005,20,420,0
1,2005,20,430,19.36,102.7,0,.126,-6999,681.5,-6999,-6999,-.037,0,0,0,0
2,2005,20,430,0
2,2005,20,440,0
2,2005,20,450,0
1,2005,20,500,19.4,102.7,0,46.11,-6999,681.5,-6999,-6999,-.037,0,0,0,0
2,2005,20,500,.1
2,2005,20,510,.2
2,2005,20,520,.1
1,2005,20,530,19.43,102.7,.012,87.1,-6999,681.7,-6999,-6999,-.037,0,0,0,0
2,2005,20,530,0
2,2005,20,540,.4
2,2005,20,550,0
1,2005,20,600,19.42,102.7,.575,77.7,-6999,681.9,-6999,-6999,-.036,0,0,0,0
2,2005,20,600,.1
2,2005,20,610,0
2,2005,20,620,0
1,2005,20,630,19.51,102.7,5.719,109.9,-6999,682.2,-6999,3.083,-.036,0,0,0,0
2,2005,20,630,0
2,2005,20,640,0
2,2005,20,650,0
1,2005,20,700,19.54,102.7,12.52,6.529,-6999,682.4,-6999,3.194,-.036,0,0,0,0
2,2005,20,700,0
2,2005,20,710,.1
2,2005,20,720,.2
1,2005,20,730,19.55,102.7,22.03,84.1,-6999,682.6,-6999,-6999,-.036,0,0,0,0
2,2005,20,730,0
2,2005,20,740,.1
2,2005,20,750,.1
1,2005,20,800,19.65,102.6,39.68,181.6,-6999,682.8,-6999,-6999,-.037,0,0,0,0
2,2005,20,800,0
2,2005,20,810,.1
2,2005,20,820,0
1,2005,20,830,19.69,102.7,97.8,377.9,-6999,682.9,-6999,-6999,-.037,0,0,0,0
2,2005,20,830,0
2,2005,20,840,0
2,2005,20,850,0
1,2005,20,900,19.93,102.7,174.8,674.8,-6999,683,-6999,-6999,-.037,0,0,0,0
2,2005,20,900,0
2,2005,20,910,0
2,2005,20,920,0
1,2005,20,930,20.26,102.7,218.8,1518,-6999,683,-6999,-6999,-.037,0,0,0,0
2,2005,20,930,0
2,2005,20,940,0
2,2005,20,950,0
1,2005,20,1000,20.54,102.5,281.4,2084,-6999,683,-6999,-6999,-.037,0,0,0,0
2,2005,20,1000,0
2,2005,20,1010,0
2,2005,20,1020,0
1,2005,20,1030,20.91,101.4,363.3,2134,-6999,682.9,-6999,-6999,-.037,0,0,0,0
2,2005,20,1030,0
2,2005,20,1040,.1
2,2005,20,1050,0
1,2005,20,1100,21.09,100.4,265.7,1961,-6999,682.7,-6999,-6999,-.037,0,0,0,0
2,2005,20,1100,0
2,2005,20,1110,0
2,2005,20,1120,0
1,2005,20,1130,21.39,99,246.6,1336,-6999,682.5,-6999,-6999,-.037,0,0,0,0
2,2005,20,1130,0
2,2005,20,1140,0
2,2005,20,1150,0
1,2005,20,1200,21.67,97.9,234.9,816,-6999,682.4,-6999,-6999,-.037,0,0,0,0
2,2005,20,1200,0
2,2005,20,1210,0
2,2005,20,1220,0
1,2005,20,1230,21.57,97.2,262.5,311.6,-6999,682.2,-6999,-6999,-.037,0,0,0,0
2,2005,20,1230,0
2,2005,20,1240,0
2,2005,20,1250,0
1,2005,20,1300,21.68,96.4,235.4,0,-6999,681.9,-6999,-6999,-.037,0,0,0,0
2,2005,20,1300,0
2,2005,20,1310,0
2,2005,20,1320,0
1,2005,20,1330,21.62,97.7,228.4,0,-6999,681.8,-6999,-6999,-.037,0,0,0,0
2,2005,20,1330,0
2,2005,20,1340,0
