1,2004,365,1330,29.34,52.64,856,143.8,-6999,685.4,-6999,-6999,-.037,0,0,0,0
2,2004,365,1330,0
2,2004,365,1340,0
2,2004,365,1350,0
1,2004,365,1400,29.03,53.48,409.2,1802,-6999,685,-6999,-6999,-.037,0,0,0,0
2,2004,365,1400,0
2,2004,365,1410,0
2,2004,365,1420,0
1,2004,365,1430,29.62,51.95,625.1,1436,-6999,684.7,-6999,-6999,-.037,0,0,0,0
2,2004,365,1430,0
2,2004,365,1440,0
2,2004,365,1450,0
1,2004,365,1500,29.52,53.4,314.1,1688,-6999,684.3,-6999,-6999,-.037,0,0,0,0
2,2004,365,1500,0
2,2004,365,1510,0
2,2004,365,1520,0
1,2004,365,1530,30.51,49.78,716,981,-6999,683.8,-6999,-6999,-.037,0,0,0,0
2,2004,365,1530,0
2,2004,365,1540,0
2,2004,365,1550,0
1,2004,365,1600,29.16,54.89,606,1283,-6999,683.5,-6999,-6999,-.037,0,0,0,0
2,2004,365,1600,0
2,2004,365,1610,0
2,2004,365,1620,0
1,2004,365,1630,30.6,48.42,544.5,1347,-6999,683,-6999,-6999,-.037,0,0,0,0
2,2004,365,1630,0
2,2004,365,1640,0
2,2004,365,1650,0
1,2004,365,1700,30.95,46.76,499.7,1046,-6999,683,-6999,-6999,-.037,0,0,0,0
2,2004,365,1700,0
2,2004,365,1710,0
2,2004,365,1720,0
1,2004,365,1730,30.65,47.88,361.1,0,-6999,683.1,-6999,-6999,-.037,0,0,0,0
2,2004,365,1730,0
2,2004,365,1740,0
2,2004,365,1750,0
1,2004,365,1800,26.62,62.39,135.7,0,-6999,683.4,-6999,-6999,-.037,0,0,0,0
2,2004,365,1800,0
2,2004,365,1810,0
2,2004,365,1820,0
1,2004,365,1830,23.97,66.86,49.3,0,-6999,683.8,-6999,-6999,-.037,0,0,0,0
2,2004,365,1830,0
2,2004,365,1840,.5
2,2004,365,1850,2.1
1,2004,365,1900,20.77,91.9,2.33,0,-6999,684.5,-6999,-6999,-.037,0,0,0,0
2,2004,365,1900,.9
2,2004,365,1910,.1
2,2004,365,1920,0
1,2004,365,1930,20.23,92.4,.05,1531,-6999,684.8,-6999,-6999,-.037,0,0,0,0
2,2004,365,1930,0
2,2004,365,1940,0
2,2004,365,1950,0
1,2004,365,2000,20.27,93.3,.001,2466,-6999,684.8,-6999,-6999,-.037,0,0,0,0
2,2004,365,2000,0
2,2004,365,2010,0
2,2004,365,2020,0
1,2004,365,2030,20.97,86.7,.001,2114,-6999,684.5,-6999,-6999,-.037,0,0,0,0
2,2004,365,2030,0
2,2004,365,2040,0
2,2004,365,2050,0
1,2004,365,2100,21.34,87.4,0,1564,-6999,684.3,-6999,-6999,-.037,0,0,0,0
2,2004,365,2100,0
2,2004,365,2110,0
2,2004,365,2120,0
1,2004,365,2130,21.88,84.1,0,462.5,-6999,684.8,-6999,-6999,-.037,0,0,0,0
2,2004,365,2130,0
2,2004,365,2140,0
2,2004,365,2150,0
1,2004,365,2200,22.37,78.1,0,0,-6999,685.1,-6999,-6999,-.037,0,0,0,0
2,2004,365,2200,0
2,2004,365,2210,0
2,2004,365,2220,0
1,2004,365,2230,22.74,73.5,0,0,-6999,685.3,-6999,-6999,-.037,0,0,0,0
2,2004,365,2230,0
2,2004,365,2240,0
2,2004,365,2250,0
1,2004,365,2300,22.63,74.3,0,0,-6999,685.5,-6999,-6999,-.037,0,0,0,0
2,2004,365,2300,0
2,2004,365,2310,0
2,2004,365,2320,0
1,2004,365,2330,22.54,73.3,0,0,-6999,685.5,-6999,-6999,-.037,0,0,0,0
2,2004,365,2330,0
2,2004,365,2340,0
2,2004,365,2350,0
1,2004,365,2400,22.46,73.2,0,0,-6999,685.4,-6999,-6999,-.037,0,0,0,0
2,2004,365,2400,0
3,2004,365,2400,31.69,19.19,24.38,98.2,1859,42.95,1708,69.88,-6999,0,-6999,0,-6999,3.6
2,2004,366,10,0
2,2004,366,20,0
1,2004,366,30,22.09,75.3,0,0,-6999,685.2,-6999,-6999,-.037,0,0,0,0
2,2004,366,30,0
2,2004,366,40,0
2,2004,366,50,0
1,2004,366,100,21.33,78.2,0,0,-6999,685,-6999,-6999,-.037,0,0,0,0
2,2004,366,100,0
2,2004,366,110,0
2,2004,366,120,0
1,2004,366,130,21.18,79.1,0,0,-6999,684.8,-6999,-6999,-.037,0,0,0,0
2,2004,366,130,0
2,2004,366,140,0
2,2004,366,150,0
1,2004,366,200,21,80.5,0,0,-6999,684.5,-6999,-6999,-.037,0,0,0,0
2,2004,366,200,0
2,2004,366,210,0
2,2004,366,220,0
1,2004,366,230,21.18,80.2,0,0,-6999,684.2,-6999,-6999,-.037,0,0,0,0
2,2004,366,230,0
2,2004,366,240,0
2,2004,366,250,0
1,2004,366,300,21.27,79.2,0,0,-6999,684,-6999,-6999,-.037,0,0,0,0
2,2004,366,300,0
2,2004,366,310,0
2,2004,366,320,0
1,2004,366,330,21.12,79.5,0,0,-6999,684,-6999,-6999,-.037,0,0,0,0
2,2004,366,330,0
2,2004,366,340,0
2,2004,366,350,0
1,2004,366,400,20.77,80.8,0,0,-6999,684.2,-6999,-6999,-.037,0,0,0,0
2,2004,366,400,0
2,2004,366,410,0
2,2004,366,420,0
1,2004,366,430,20.82,79.8,.001,0,-6999,684.5,-6999,-6999,-.037,0,0,0,0
2,2004,366,430,0
2,2004,366,440,0
2,2004,366,450,0
1,2004,366,500,20.42,81.7,0,0,-6999,684.8,-6999,-6999,-.037,0,0,0,0
2,2004,366,500,0
2,2004,366,510,0
2,2004,366,520,0
1,2004,366,530,20.31,82,1.396,0,-6999,685.1,-6999,-6999,-.037,0,0,0,0
2,2004,366,530,0
2,2004,366,540,0
2,2004,366,550,0
1,2004,366,600,20.34,81.8,22.12,0,-6999,685.5,-6999,-6999,-.037,0,0,0,0
2,2004,366,600,0
2,2004,366,610,0
2,2004,366,620,0
1,2004,366,630,20.82,81,84.9,0,-6999,685.7,-6999,-6999,-.037,0,0,0,0
2,2004,366,630,0
2,2004,366,640,0
2,2004,366,650,0
1,2004,366,700,21.85,77.5,175.2,0,-6999,685.9,-6999,-6999,-.037,0,0,0,0
2,2004,366,700,0
2,2004,366,710,0
2,2004,366,720,0
1,2004,366,730,22.67,75.8,308.7,0,-6999,686.2,-6999,-6999,-.037,0,0,0,0
2,2004,366,730,0
2,2004,366,740,0
2,2004,366,750,0
1,2004,366,800,23.66,73.6,457.7,0,-6999,686.3,-6999,-6999,-.037,0,0,0,0
2,2004,366,800,0
2,2004,366,810,0
2,2004,366,820,0
1,2004,366,830,24.33,72.6,548.6,0,-6999,686.3,-6999,-6999,-.037,0,0,0,0
2,2004,366,830,0
2,2004,366,840,0
2,2004,366,850,0
1,2004,366,900,24.51,73.8,604.3,0,-6999,686.6,-6999,-6999,-.037,0,0,0,0
2,2004,366,900,0
2,2004,366,910,0
2,2004,366,920,0
1,2004,366,930,24.46,74.8,482.8,0,-6999,686.8,-6999,-6999,-.037,0,0,0,0
2,2004,366,930,0
2,2004,366,940,0
2,2004,366,950,0
1,2004,366,1000,24.69,75.9,654.7,0,-6999,686.8,-6999,-6999,-.037,0,0,0,0
2,2004,366,1000,0
2,2004,366,1010,0
2,2004,366,1020,0
1,2004,366,1030,25.27,76.1,667.8,0,-6999,686.8,-6999,-6999,-.037,0,0,0,0
2,2004,366,1030,0
2,2004,366,1040,0
2,2004,366,1050,0
1,2004,366,1100,25.64,74.8,572.2,0,-6999,686.8,-6999,-6999,-.037,0,0,0,0
2,2004,366,1100,0
2,2004,366,1110,0
2,2004,366,1120,0
1,2004,366,1130,25.98,73.5,702,0,-6999,686.5,-6999,-6999,-.037,0,0,0,0
2,2004,366,1130,0
2,2004,366,1140,0
2,2004,366,1150,0
1,2004,366,1200,26.24,72.3,642.1,0,-6999,686.3,-6999,-6999,-.037,0,0,0,0
2,2004,366,1200,0
2,2004,366,1210,0
2,2004,366,1220,0
1,2004,366,1230,26.99,69.22,577.1,0,-6999,686,-6999,-6999,-.037,0,0,0,0
2,2004,366,1230,0
2,2004,366,1240,0
2,2004,366,1250,0
1,2004,366,1300,27.42,66.8,574.1,0,-6999,685.7,-6999,-6999,-.037,0,0,0,0
2,2004,366,1300,0
2,2004,366,1310,0
2,2004,366,1320,0
1,2004,366,1330,27.52,68.24,470.3,0,-6999,685.5,-6999,-6999,-.037,0,0,0,0
2,2004,366,1330,0
2,2004,366,1340,0
2,2004,366,1350,0
1,2004,366,1400,28,67.36,655.8,0,-6999,685.3,-6999,-6999,-.037,0,0,0,0
2,2004,366,1400,0
2,2004,366,1410,0
2,2004,366,1420,0
1,2004,366,1430,28.35,61.09,663.5,0,-6999,685.1,-6999,-6999,-.037,0,0,0,0
2,2004,366,1430,0
2,2004,366,1440,0
2,2004,366,1450,0
1,2004,366,1500,28.55,56.42,562.9,0,-6999,684.7,-6999,-6999,-.037,0,0,0,0
2,2004,366,1500,0
2,2004,366,1510,0
2,2004,366,1520,0
1,2004,366,1530,28.58,55.32,478.8,0,-6999,684.5,-6999,-6999,-.037,0,0,0,0
2,2004,366,1530,0
2,2004,366,1540,0
2,2004,366,1550,0
1,2004,366,1600,29.04,54.71,448.8,142.7,-6999,684.2,-6999,-6999,-.037,0,0,0,0
2,2004,366,1600,0
2,2004,366,1610,0
2,2004,366,1620,0
1,2004,366,1630,28.78,55.82,438.6,1172,-6999,683.9,-6999,-6999,-.037,0,0,0,0
2,2004,366,1630,0
2,2004,366,1640,0
2,2004,366,1650,0
1,2004,366,1700,29.61,51.77,416.9,227,-6999,683.6,-6999,-6999,-.037,0,0,0,0
2,2004,366,1700,0
2,2004,366,1710,0
2,2004,366,1720,0
1,2004,366,1730,29.27,51.11,324.6,1284,-6999,683.6,-6999,-6999,-.037,0,0,0,0
2,2004,366,1730,0
2,2004,366,1740,0
2,2004,366,1750,0
1,2004,366,1800,28.81,54.48,177.5,2182,-6999,683.4,-6999,-6999,-.037,0,0,0,0
2,2004,366,1800,0
2,2004,366,1810,0
2,2004,366,1820,0
1,2004,366,1830,27.4,61.74,56.8,2806,-6999,683.7,-6999,-6999,-.037,0,0,0,0
2,2004,366,1830,0
2,2004,366,1840,0
2,2004,366,1850,0
1,2004,366,1900,26.56,66.53,20.6,2412,-6999,684.1,-6999,-6999,-.037,0,0,0,0
2,2004,366,1900,0
2,2004,366,1910,0
2,2004,366,1920,0
1,2004,366,1930,24.67,70.1,.915,2144,-6999,684.5,-6999,-6999,-.037,0,0,0,0
2,2004,366,1930,0
2,2004,366,1940,0
2,2004,366,1950,0
1,2004,366,2000,22.75,66.67,0,0,-6999,684.4,-6999,-6999,-.037,0,0,0,0
2,2004,366,2000,0
2,2004,366,2010,0
2,2004,366,2020,0
1,2004,366,2030,23.67,67.76,0,0,-6999,684.2,-6999,-6999,-.037,0,0,0,0
2,2004,366,2030,0
2,2004,366,2040,0
2,2004,366,2050,0
1,2004,366,2100,24.25,68.65,0,2214,-6999,684.4,-6999,-6999,-.037,0,0,0,0
2,2004,366,2100,0
2,2004,366,2110,0
2,2004,366,2120,0
1,2004,366,2130,24.15,69.35,0,1323,-6999,684.7,-6999,-6999,-.037,0,0,0,0
2,2004,366,2130,0
2,2004,366,2140,0
2,2004,366,2150,0
1,2004,366,2200,23.91,70.5,0,837,-6999,685,-6999,-6999,-.037,0,0,0,0
2,2004,366,2200,0
2,2004,366,2210,0
2,2004,366,2220,0
1,2004,366,2230,24.25,68.72,0,192.6,-6999,685.1,-6999,-6999,-.037,0,0,0,0
2,2004,366,2230,0
2,2004,366,2240,0
2,2004,366,2250,0
1,2004,366,2300,23.83,73.1,0,0,-6999,685.1,-6999,-6999,-.037,0,0,0,0
2,2004,366,2300,0
2,2004,366,2310,0
2,2004,366,2320,0
1,2004,366,2330,23.31,75.8,0,0,-6999,684.9,-6999,-6999,-.037,0,0,0,0
2,2004,366,2330,0
2,2004,366,2340,0
2,2004,366,2350,0
1,2004,366,2400,23.43,72.7,0,0,-6999,684.9,-6999,-6999,-.037,0,0,0,0
2,2004,366,2400,0
3,2004,366,2400,30.33,20.03,24.48,83.8,540,47.13,1657,70.9,-6999,0,-6999,0,-6999,0
2,2005,1,10,0
2,2005,1,20,0
1,2005,1,30,23.4,73.9,0,0,-6999,684.7,-6999,-6999,-.037,0,0,0,0
2,2005,1,30,0
2,2005,1,40,0
2,2005,1,50,0
1,2005,1,100,23.29,75.9,0,0,-6999,684.5,-6999,-6999,-.037,0,0,0,0
2,2005,1,100,0
2,2005,1,110,0
2,2005,1,120,0
1,2005,1,130,22.22,81.9,0,0,-6999,684.6,-6999,-6999,-.037,0,0,0,0
2,2005,1,130,0
2,2005,1,140,0
2,2005,1,150,0
1,2005,1,200,22.15,82.2,0,0,-6999,684.4,-6999,-6999,-.037,0,0,0,0
2,2005,1,200,0
2,2005,1,210,0
2,2005,1,220,0
1,2005,1,230,22.02,82.1,0,0,-6999,684.1,-6999,-6999,-.037,0,0,0,0
2,2005,1,230,0
2,2005,1,240,0
2,2005,1,250,0
1,2005,1,300,21.94,82.2,0,0,-6999,684.1,-6999,-6999,-.037,0,0,0,0
2,2005,1,300,0
2,2005,1,310,0
2,2005,1,320,0
1,2005,1,330,21.57,84.6,0,0,-6999,684,-6999,-6999,-.037,0,0,0,0
2,2005,1,330,0
2,2005,1,340,0
2,2005,1,350,0
1,2005,1,400,21.46,84.9,0,0,-6999,684,-6999,-6999,-.037,0,0,0,0
2,2005,1,400,0
2,2005,1,410,0
2,2005,1,420,0
1,2005,1,430,21.43,85.2,0,0,-6999,684.2,-6999,-6999,-.037,0,0,0,0
2,2005,1,430,0
2,2005,1,440,0
2,2005,1,450,0
1,2005,1,500,21.24,86.6,0,0,-6999,684.3,-6999,-6999,-.037,0,0,0,0
2,2005,1,500,0
2,2005,1,510,0
2,2005,1,520,0
1,2005,1,530,21.12,87.1,.972,0,-6999,684.4,-6999,-6999,-.037,0,0,0,0
2,2005,1,530,0
2,2005,1,540,0
2,2005,1,550,0
1,2005,1,600,20.58,90,11.29,0,-6999,684.6,-6999,-6999,-.037,0,0,0,0
2,2005,1,600,0
2,2005,1,610,0
2,2005,1,620,0
1,2005,1,630,21.28,89,100.8,0,-6999,684.8,-6999,-6999,-.037,0,0,0,0
2,2005,1,630,0
2,2005,1,640,0
2,2005,1,650,0
1,2005,1,700,22.38,85.2,178.8,0,-6999,685,-6999,-6999,-.037,0,0,0,0
2,2005,1,700,0
2,2005,1,710,0
2,2005,1,720,0
1,2005,1,730,23.51,79.9,275.8,0,-6999,685.2,-6999,-6999,-.037,0,0,0,0
2,2005,1,730,0
2,2005,1,740,0
2,2005,1,750,0
1,2005,1,800,24.19,75.1,389.7,0,-6999,685.4,-6999,-6999,-.037,0,0,0,0
2,2005,1,800,0
2,2005,1,810,0
2,2005,1,820,0
1,2005,1,830,24.81,73.8,494.3,0,-6999,685.4,-6999,-6999,-.037,0,0,0,0
2,2005,1,830,0
2,2005,1,840,0
2,2005,1,850,0
1,2005,1,900,25.45,73.8,563.9,0,-6999,685.6,-6999,-6999,-.037,0,0,0,0
2,2005,1,900,0
2,2005,1,910,0
2,2005,1,920,0
1,2005,1,930,25.98,70.6,630.6,0,-6999,685.7,-6999,-6999,-.037,0,0,0,0
2,2005,1,930,0
2,2005,1,940,0
2,2005,1,950,0
1,2005,1,1000,26.22,68.75,708,0,-6999,685.7,-6999,-6999,-.037,0,0,0,0
2,2005,1,1000,0
2,2005,1,1010,0
2,2005,1,1020,0
1,2005,1,1030,27.04,66.08,800,0,-6999,685.6,-6999,-6999,-.037,0,0,0,0
2,2005,1,1030,0
2,2005,1,1040,0
2,2005,1,1050,0
1,2005,1,1100,27.41,65.41,820,0,-6999,685.5,-6999,-6999,-.037,0,0,0,0
2,2005,1,1100,0
2,2005,1,1110,0
2,2005,1,1120,0
1,2005,1,1130,28,63.38,950,0,-6999,685.5,-6999,-6999,-.037,0,0,0,0
2,2005,1,1130,0
2,2005,1,1140,0
2,2005,1,1150,0
1,2005,1,1200,27.9,62.48,507.8,0,-6999,685.3,-6999,-6999,-.037,0,0,0,0
2,2005,1,1200,0
2,2005,1,1210,0
2,2005,1,1220,0
1,2005,1,1230,27.2,66.79,344,0,-6999,685.1,-6999,-6999,-.037,0,0,0,0
2,2005,1,1230,0
2,2005,1,1240,0
2,2005,1,1250,.9
1,2005,1,1300,23.73,81.2,58.9,66.03,-6999,685.2,-6999,-6999,-.037,0,0,0,0
2,2005,1,1300,8.7
2,2005,1,1310,5.1
2,2005,1,1320,.8
1,2005,1,1330,19.27,98.1,54.99,1260,-6999,685,-6999,-6999,-.037,0,0,0,0
2,2005,1,1330,.3
2,2005,1,1340,.2
2,2005,1,1350,0
1,2005,1,1400,19,99.7,104.3,342.4,-6999,685,-6999,-6999,-.037,0,0,0,0
2,2005,1,1400,.2
2,2005,1,1410,0
2,2005,1,1420,.3
1,2005,1,1430,19.02,98.8,63.75,0,-6999,684.3,-6999,-6999,-.037,0,0,0,0
2,2005,1,1430,0
2,2005,1,1440,0
2,2005,1,1450,.1
1,2005,1,1500,19.05,99.2,85,0,-6999,684.1,-6999,-6999,-.037,0,0,0,0
2,2005,1,1500,0
2,2005,1,1510,0
2,2005,1,1520,0
1,2005,1,1530,19.86,99.8,177.6,0,-6999,683.8,-6999,-6999,-.037,0,0,0,0
2,2005,1,1530,0
2,2005,1,1540,0
2,2005,1,1550,0
1,2005,1,1600,20.74,99.2,259.8,0,-6999,683.7,-6999,-6999,-.037,0,0,0,0
2,2005,1,1600,0
2,2005,1,1610,0
2,2005,1,1620,0
1,2005,1,1630,25.3,79.1,423.9,0,-6999,683.3,-6999,-6999,-.037,0,0,0,0
2,2005,1,1630,0
2,2005,1,1640,0
2,2005,1,1650,0
1,2005,1,1700,26.4,70.1,171.8,0,-6999,683.1,-6999,-6999,-.037,0,0,0,0
2,2005,1,1700,0
2,2005,1,1710,0
2,2005,1,1720,0
1,2005,1,1730,25.32,76.9,86.9,0,-6999,683.5,-6999,-6999,-.037,0,0,0,0
2,2005,1,1730,0
2,2005,1,1740,0
2,2005,1,1750,0
1,2005,1,1800,22.93,78.1,65.97,0,-6999,684.2,-6999,-6999,-.037,0,0,0,0
2,2005,1,1800,0
2,2005,1,1810,0
2,2005,1,1820,0
1,2005,1,1830,21.37,85.8,37.01,0,-6999,684.5,-6999,-6999,-.037,0,0,0,0
2,2005,1,1830,0
2,2005,1,1840,0
2,2005,1,1850,0
1,2005,1,1900,19.91,88.2,9.37,0,-6999,684.3,-6999,-6999,-.037,0,0,0,0
2,2005,1,1900,0
2,2005,1,1910,0
2,2005,1,1920,0
1,2005,1,1930,20.17,85.4,.042,0,-6999,684.5,-6999,-6999,-.037,0,0,0,0
2,2005,1,1930,0
2,2005,1,1940,.8
2,2005,1,1950,4.2
1,2005,1,2000,19.67,90.5,.012,0,-6999,685,-6999,-6999,-.037,0,0,0,0
2,2005,1,2000,1.8
2,2005,1,2010,.3
2,2005,1,2020,0
1,2005,1,2030,18.58,98.9,.012,0,-6999,685.3,-6999,-6999,-.037,0,0,0,0
2,2005,1,2030,.1
2,2005,1,2040,.5
2,2005,1,2050,.1
1,2005,1,2100,19.05,97.2,.058,0,-6999,685.9,-6999,-6999,-.037,0,0,0,0
2,2005,1,2100,0
2,2005,1,2110,0
2,2005,1,2120,0
1,2005,1,2130,18.83,96.8,.142,0,-6999,686,-6999,-6999,-.037,0,0,0,0
2,2005,1,2130,0
2,2005,1,2140,0
2,2005,1,2150,0
1,2005,1,2200,19.42,90.2,.116,0,-6999,685.9,-6999,-6999,-.037,0,0,0,0
2,2005,1,2200,0
2,2005,1,2210,0
2,2005,1,2220,0
1,2005,1,2230,20.21,81.7,.159,0,-6999,685.4,-6999,-6999,-.037,0,0,0,0
2,2005,1,2230,0
2,2005,1,2240,0
2,2005,1,2250,0
1,2005,1,2300,19.35,89.6,.173,0,-6999,685,-6999,-6999,-.037,0,0,0,0
2,2005,1,2300,0
2,2005,1,2310,0
2,2005,1,2320,0
1,2005,1,2330,19.14,86.7,.167,0,-6999,684.8,-6999,-6999,-.037,0,0,0,0
2,2005,1,2330,0
2,2005,1,2340,0
2,2005,1,2350,0
1,2005,1,2400,20.11,75.6,.001,0,-6999,685.1,-6999,-6999,-.037,0,0,0,0
2,2005,1,2400,0
3,2005,1,2400,28.45,18.38,22.3,100.3,1346,58.74,1131,83,-6999,0,-6999,0,-6999,24.4
2,2005,2,10,0
2,2005,2,20,0
1,2005,2,30,19.31,83.1,0,0,-6999,685.4,-6999,-6999,-.037,0,0,0,0
2,2005,2,30,0
2,2005,2,40,0
2,2005,2,50,0
1,2005,2,100,19.36,84.4,0,0,-6999,685.2,-6999,-6999,-.037,0,0,0,0
2,2005,2,100,0
2,2005,2,110,0
2,2005,2,120,0
1,2005,2,130,19.55,85.5,0,0,-6999,684.8,-6999,-6999,-.037,0,0,0,0
2,2005,2,130,0
2,2005,2,140,0
2,2005,2,150,0
1,2005,2,200,19.4,90.3,0,0,-6999,684.9,-6999,-6999,-.037,0,0,0,0
2,2005,2,200,0
2,2005,2,210,0
2,2005,2,220,0
1,2005,2,230,19.31,92.3,.001,0,-6999,685,-6999,-6999,-.037,0,0,0,0
2,2005,2,230,0
2,2005,2,240,0
2,2005,2,250,0
1,2005,2,300,19,95.3,.002,0,-6999,685,-6999,-6999,-.037,0,0,0,0
2,2005,2,300,0
2,2005,2,310,0
2,2005,2,320,0
1,2005,2,330,18.93,96.6,.029,0,-6999,685,-6999,-6999,-.037,0,0,0,0
2,2005,2,330,0
2,2005,2,340,0
2,2005,2,350,0
1,2005,2,400,18.84,96,.029,0,-6999,685.1,-6999,-6999,-.037,0,0,0,0
2,2005,2,400,0
2,2005,2,410,0
2,2005,2,420,0
1,2005,2,430,18.76,96,.024,0,-6999,685,-6999,-6999,-.037,0,0,0,0
2,2005,2,430,0
2,2005,2,440,0
2,2005,2,450,0
1,2005,2,500,18.89,94.3,.009,0,-6999,685.1,-6999,-6999,-.037,0,0,0,0
2,2005,2,500,0
2,2005,2,510,0
2,2005,2,520,0
1,2005,2,530,18.92,93.1,1.009,0,-6999,685.1,-6999,-6999,-.037,0,0,0,0
2,2005,2,530,0
2,2005,2,540,0
2,2005,2,550,0
1,2005,2,600,19.14,91.5,16.94,0,-6999,685.2,-6999,-6999,-.037,0,0,0,0
2,2005,2,600,0
2,2005,2,610,0
2,2005,2,620,0
1,2005,2,630,19.59,88.5,38,0,-6999,685.2,-6999,-6999,-.037,0,0,0,0
2,2005,2,630,0
2,2005,2,640,0
2,2005,2,650,0
1,2005,2,700,20,86.7,106.2,0,-6999,685.3,-6999,-6999,-.037,0,0,0,0
2,2005,2,700,0
2,2005,2,710,0
2,2005,2,720,0
1,2005,2,730,21.08,83,257.3,0,-6999,685.7,-6999,-6999,-.037,0,0,0,0
2,2005,2,730,0
2,2005,2,740,0
2,2005,2,750,0
1,2005,2,800,21.99,79.7,435.7,0,-6999,685.8,-6999,-6999,-.037,0,0,0,0
2,2005,2,800,0
2,2005,2,810,0
2,2005,2,820,0
1,2005,2,830,22.59,74.5,466.8,0,-6999,685.9,-6999,-6999,-.037,0,0,0,0
2,2005,2,830,0
2,2005,2,840,0
2,2005,2,850,0
1,2005,2,900,23.3,71.8,627,0,-6999,686.2,-6999,-6999,-.037,0,0,0,0
2,2005,2,900,0
2,2005,2,910,0
2,2005,2,920,0
1,2005,2,930,23.95,69.8,691.6,0,-6999,686.3,-6999,-6999,-.037,0,0,0,0
2,2005,2,930,0
2,2005,2,940,0
2,2005,2,950,0
1,2005,2,1000,24.51,68.09,773,0,-6999,686.4,-6999,-6999,-.037,0,0,0,0
2,2005,2,1000,0
2,2005,2,1010,0
2,2005,2,1020,0
1,2005,2,1030,24.87,68.01,842,0,-6999,686.5,-6999,-6999,-.037,0,0,0,0
2,2005,2,1030,0
2,2005,2,1040,0
2,2005,2,1050,0
1,2005,2,1100,25.44,67.18,849,0,-6999,686.5,-6999,-6999,-.037,0,0,0,0
2,2005,2,1100,0
2,2005,2,1110,0
2,2005,2,1120,0
1,2005,2,1130,25.85,66.82,801,0,-6999,686.4,-6999,-6999,-.037,0,0,0,0
2,2005,2,1130,0
2,2005,2,1140,0
2,2005,2,1150,0
1,2005,2,1200,26.6,63.56,830,0,-6999,686.3,-6999,-6999,-.037,0,0,0,0
2,2005,2,1200,0
2,2005,2,1210,0
2,2005,2,1220,0
1,2005,2,1230,26.9,64.14,839,0,-6999,686.2,-6999,-6999,-.037,0,0,0,0
2,2005,2,1230,0
2,2005,2,1240,0
2,2005,2,1250,0
1,2005,2,1300,27.08,62.5,714,0,-6999,686.1,-6999,-6999,-.037,0,0,0,0
2,2005,2,1300,0
2,2005,2,1310,0
2,2005,2,1320,0
1,2005,2,1330,28.43,58.34,950,0,-6999,685.8,-6999,-6999,-.037,0,0,0,0
2,2005,2,1330,0
2,2005,2,1340,0
2,2005,2,1350,0
1,2005,2,1400,28.06,58.57,372.9,0,-6999,685.4,-6999,-6999,-.037,0,0,0,0
2,2005,2,1400,0
2,2005,2,1410,0
2,2005,2,1420,0
1,2005,2,1430,27.25,60.91,133.7,0,-6999,685,-6999,-6999,-.037,0,0,0,0
2,2005,2,1430,0
2,2005,2,1440,0
2,2005,2,1450,0
1,2005,2,1500,27.45,64.12,135.4,0,-6999,684.6,-6999,-6999,-.037,0,0,0,0
2,2005,2,1500,.6
2,2005,2,1510,1.9
2,2005,2,1520,0
1,2005,2,1530,23.49,90.1,180.7,0,-6999,684.2,-6999,-6999,-.037,0,0,0,0
2,2005,2,1530,0
2,2005,2,1540,.1
2,2005,2,1550,0
1,2005,2,1600,23.47,91,265.9,0,-6999,683.9,-6999,-6999,-.037,0,0,0,0
2,2005,2,1600,0
2,2005,2,1610,0
2,2005,2,1620,0
1,2005,2,1630,24.39,75.9,243.1,0,-6999,683.7,-6999,-6999,-.037,0,0,0,0
2,2005,2,1630,0
2,2005,2,1640,0
2,2005,2,1650,0
1,2005,2,1700,23.47,73.3,232.7,0,-6999,683.2,-6999,-6999,-.037,0,0,0,0
2,2005,2,1700,0
2,2005,2,1710,0
2,2005,2,1720,0
1,2005,2,1730,25.85,62.51,238.2,0,-6999,683.2,-6999,-6999,-.037,0,0,0,0
2,2005,2,1730,0
2,2005,2,1740,0
2,2005,2,1750,0
1,2005,2,1800,26.94,64.82,216.5,0,-6999,683.3,-6999,-6999,-.037,0,0,0,0
2,2005,2,1800,0
2,2005,2,1810,0
2,2005,2,1820,0
1,2005,2,1830,25.73,66.44,98.5,0,-6999,683.8,-6999,-6999,-.037,0,0,0,0
2,2005,2,1830,0
2,2005,2,1840,0
2,2005,2,1850,0
1,2005,2,1900,22.67,76.8,10.02,0,-6999,684.4,-6999,-6999,-.037,0,0,0,0
2,2005,2,1900,1.5
2,2005,2,1910,.1
2,2005,2,1920,0
1,2005,2,1930,20.1,94.8,.142,0,-6999,684.5,-6999,-6999,-.037,0,0,0,0
2,2005,2,1930,.2
2,2005,2,1940,0
2,2005,2,1950,0
1,2005,2,2000,20.32,90.8,.01,0,-6999,684.5,-6999,-6999,-.037,0,0,0,0
2,2005,2,2000,0
2,2005,2,2010,0
2,2005,2,2020,0
1,2005,2,2030,20.41,90.4,.014,0,-6999,684.9,-6999,-6999,-.037,0,0,0,0
2,2005,2,2030,0
2,2005,2,2040,0
2,2005,2,2050,0
1,2005,2,2100,19.91,94.4,.008,0,-6999,685.5,-6999,-6999,-.037,0,0,0,0
2,2005,2,2100,0
2,2005,2,2110,0
2,2005,2,2120,0
1,2005,2,2130,20.1,91.3,0,0,-6999,686.2,-6999,-6999,-.037,0,0,0,0
2,2005,2,2130,0
2,2005,2,2140,0
2,2005,2,2150,0
1,2005,2,2200,19.39,86.6,.021,0,-6999,686.2,-6999,-6999,-.037,0,0,0,0
2,2005,2,2200,0
2,2005,2,2210,0
2,2005,2,2220,0
1,2005,2,2230,19.28,89.8,.009,0,-6999,686.3,-6999,-6999,-.037,0,0,0,0
2,2005,2,2230,.7
2,2005,2,2240,.2
2,2005,2,2250,.4
1,2005,2,2300,19.27,97.2,.001,0,-6999,686.4,-6999,-6999,-.037,0,0,0,0
2,2005,2,2300,.3
2,2005,2,2310,.2
2,2005,2,2320,.5
1,2005,2,2330,19.03,98.5,.009,0,-6999,686.1,-6999,-6999,-.037,0,0,0,0
2,2005,2,2330,.1
2,2005,2,2340,.1
2,2005,2,2350,0
1,2005,2,2400,19.26,98,.02,0,-6999,685.7,-6999,-6999,-.037,0,0,0,0
2,2005,2,2400,0
3,2005,2,2400,28.93,18.68,22.24,99,2311,53.79,1333,81,-6999,0,-6999,0,-6999,6.9
2,2005,3,10,0
2,2005,3,20,0
1,2005,3,30,19.54,97.4,.062,0,-6999,685.3,-6999,-6999,-.037,0,0,0,0
2,2005,3,30,0
2,2005,3,40,0
2,2005,3,50,0
1,2005,3,100,19.8,94.1,.134,0,-6999,685.1,-6999,-6999,-.037,0,0,0,0
2,2005,3,100,0
2,2005,3,110,0
2,2005,3,120,0
1,2005,3,130,19.83,91.2,.129,0,-6999,685,-6999,-6999,-.037,0,0,0,0
2,2005,3,130,0
2,2005,3,140,0
2,2005,3,150,0
1,2005,3,200,19.69,91.3,.108,0,-6999,684.8,-6999,-6999,-.037,0,0,0,0
2,2005,3,200,0
2,2005,3,210,0
2,2005,3,220,0
1,2005,3,230,19.67,90.1,.062,0,-6999,684.7,-6999,-6999,-.037,0,0,0,0
2,2005,3,230,0
2,2005,3,240,0
2,2005,3,250,0
1,2005,3,300,19.59,89.6,.018,0,-6999,684.5,-6999,-6999,-.037,0,0,0,0
2,2005,3,300,0
2,2005,3,310,0
2,2005,3,320,0
1,2005,3,330,19.49,90.5,0,0,-6999,684.4,-6999,-6999,-.037,0,0,0,0
2,2005,3,330,0
2,2005,3,340,0
2,2005,3,350,0
1,2005,3,400,19.29,92.3,0,0,-6999,684.4,-6999,-6999,-.037,0,0,0,0
2,2005,3,400,0
2,2005,3,410,0
2,2005,3,420,0
1,2005,3,430,19.08,94.1,.001,0,-6999,684.4,-6999,-6999,-.037,0,0,0,0
2,2005,3,430,0
2,2005,3,440,0
2,2005,3,450,0
1,2005,3,500,18.89,94.8,.005,0,-6999,684.5,-6999,-6999,-.037,0,0,0,0
2,2005,3,500,0
2,2005,3,510,0
2,2005,3,520,0
1,2005,3,530,18.89,95.1,1.073,0,-6999,684.6,-6999,-6999,-.037,0,0,0,0
2,2005,3,530,0
2,2005,3,540,0
2,2005,3,550,0
1,2005,3,600,18.75,96,26.85,0,-6999,684.8,-6999,-6999,-.037,0,0,0,0
2,2005,3,600,0
2,2005,3,610,0
2,2005,3,620,0
1,2005,3,630,19.17,95.3,116.8,0,-6999,685,-6999,-6999,-.037,0,0,0,0
2,2005,3,630,0
2,2005,3,640,0
2,2005,3,650,0
1,2005,3,700,20.17,92.3,216.6,0,-6999,685.2,-6999,-6999,-.037,0,0,0,0
2,2005,3,700,0
2,2005,3,710,0
2,2005,3,720,0
1,2005,3,730,21.22,88.7,360.1,0,-6999,685.4,-6999,-6999,-.037,0,0,0,0
2,2005,3,730,0
2,2005,3,740,0
2,2005,3,750,0
1,2005,3,800,21.42,88.3,317.3,0,-6999,685.5,-6999,-6999,-.037,0,0,0,0
2,2005,3,800,0
2,2005,3,810,0
2,2005,3,820,0
1,2005,3,830,22.27,85.8,514.7,0,-6999,685.8,-6999,-6999,-.037,0,0,0,0
2,2005,3,830,0
2,2005,3,840,0
2,2005,3,850,0
1,2005,3,900,21.95,86,240.6,0,-6999,685.8,-6999,-6999,-.037,0,0,0,0
2,2005,3,900,0
2,2005,3,910,0
2,2005,3,920,0
1,2005,3,930,21.88,86.9,337.6,0,-6999,686,-6999,-6999,-.037,0,0,0,0
2,2005,3,930,0
2,2005,3,940,0
2,2005,3,950,0
1,2005,3,1000,23.69,80.5,839,0,-6999,686,-6999,-6999,-.037,0,0,0,0
2,2005,3,1000,0
2,2005,3,1010,0
2,2005,3,1020,0
1,2005,3,1030,24.44,76.1,779,0,-6999,686,-6999,-6999,-.037,0,0,0,0
2,2005,3,1030,0
2,2005,3,1040,0
2,2005,3,1050,0
1,2005,3,1100,24.67,74.3,621.2,0,-6999,686,-6999,-6999,-.037,0,0,0,0
2,2005,3,1100,0
2,2005,3,1110,0
2,2005,3,1120,0
1,2005,3,1130,25.14,71.5,757,0,-6999,685.8,-6999,-6999,-.037,0,0,0,0
2,2005,3,1130,0
2,2005,3,1140,0
2,2005,3,1150,0
1,2005,3,1200,25.46,69.55,612,0,-6999,685.6,-6999,-6999,-.037,0,0,0,0
2,2005,3,1200,0
2,2005,3,1210,0
2,2005,3,1220,0
1,2005,3,1230,25.08,72,327.5,0,-6999,685.5,-6999,-6999,-.037,0,0,0,0
2,2005,3,1230,0
2,2005,3,1240,0
2,2005,3,1250,0
1,2005,3,1300,25.88,67.73,618.4,0,-6999,685.3,-6999,-6999,-.037,0,0,0,0
2,2005,3,1300,0
2,2005,3,1310,0
2,2005,3,1320,0
1,2005,3,1330,24.1,73,447.3,0,-6999,685.1,-6999,-6999,-.037,0,0,0,0
2,2005,3,1330,0
2,2005,3,1340,0
2,2005,3,1350,0
1,2005,3,1400,22.73,77.3,240.9,0,-6999,684.9,-6999,-6999,-.037,0,0,0,0
2,2005,3,1400,0
2,2005,3,1410,0
2,2005,3,1420,0
1,2005,3,1430,21.44,84,116.2,0,-6999,684.9,-6999,-6999,-.037,0,0,0,0
2,2005,3,1430,0
2,2005,3,1440,0
2,2005,3,1450,0
1,2005,3,1500,20.8,85.1,105.7,0,-6999,684.6,-6999,-6999,-.037,0,0,0,0
2,2005,3,1500,0
2,2005,3,1510,0
2,2005,3,1520,0
1,2005,3,1530,20.85,81.8,107.6,0,-6999,684.4,-6999,-6999,-.037,0,0,0,0
2,2005,3,1530,0
2,2005,3,1540,0
2,2005,3,1550,0
1,2005,3,1600,20.84,88.2,111.1,0,-6999,684.1,-6999,-6999,-.037,0,0,0,0
2,2005,3,1600,0
2,2005,3,1610,0
2,2005,3,1620,0
1,2005,3,1630,21.06,85.7,102.7,0,-6999,683.9,-6999,-6999,-.037,0,0,0,0
2,2005,3,1630,0
2,2005,3,1640,0
2,2005,3,1650,0
1,2005,3,1700,21.55,81.4,71.4,0,-6999,683.7,-6999,-6999,-.037,0,0,0,0
2,2005,3,1700,0
2,2005,3,1710,0
2,2005,3,1720,0
1,2005,3,1730,21.83,78.5,33.74,0,-6999,683.7,-6999,-6999,-.037,0,0,0,0
2,2005,3,1730,0
2,2005,3,1740,0
2,2005,3,1750,0
1,2005,3,1800,21.64,81.8,30.63,0,-6999,683.7,-6999,-6999,-.037,0,0,0,0
2,2005,3,1800,0
2,2005,3,1810,0
2,2005,3,1820,0
1,2005,3,1830,21.61,83.4,15.31,0,-6999,683.7,-6999,-6999,-.037,0,0,0,0
2,2005,3,1830,0
2,2005,3,1840,0
2,2005,3,1850,0
1,2005,3,1900,21.63,82.5,4.758,0,-6999,684,-6999,-6999,-.037,0,0,0,0
2,2005,3,1900,0
2,2005,3,1910,0
2,2005,3,1920,0
1,2005,3,1930,21.46,83.4,.098,0,-6999,684.3,-6999,-6999,-.037,0,0,0,0
2,2005,3,1930,0
2,2005,3,1940,0
2,2005,3,1950,0
1,2005,3,2000,21.22,83.8,0,0,-6999,684.6,-6999,-6999,-.037,0,0,0,0
2,2005,3,2000,0
2,2005,3,2010,.3
2,2005,3,2020,.5
1,2005,3,2030,19.55,95.8,.008,0,-6999,684.9,-6999,-6999,-.037,0,0,0,0
2,2005,3,2030,.4
2,2005,3,2040,.6
2,2005,3,2050,.7
1,2005,3,2100,18.87,99.9,0,0,-6999,685.1,-6999,-6999,-.037,0,0,0,0
2,2005,3,2100,1.2
2,2005,3,2110,.9
2,2005,3,2120,.6
1,2005,3,2130,18.79,101,0,0,-6999,685.3,-6999,-6999,-.037,0,0,0,0
2,2005,3,2130,.9
2,2005,3,2140,.8
2,2005,3,2150,.7
1,2005,3,2200,18.77,101.4,0,0,-6999,685.6,-6999,-6999,-.037,0,0,0,0
2,2005,3,2200,.5
2,2005,3,2210,.3
2,2005,3,2220,.2
1,2005,3,2230,18.59,101.5,0,0,-6999,685.6,-6999,-6999,-.037,0,0,0,0
2,2005,3,2230,.3
2,2005,3,2240,.2
2,2005,3,2250,.1
1,2005,3,2300,18.37,101.6,0,0,-6999,685.5,-6999,-6999,-.037,0,0,0,0
2,2005,3,2300,0
2,2005,3,2310,.2
2,2005,3,2320,.1
1,2005,3,2330,18.28,101.7,0,0,-6999,685.3,-6999,-6999,-.037,0,0,0,0
2,2005,3,2330,.2
2,2005,3,2340,.3
2,2005,3,2350,.4
1,2005,3,2400,18.14,101.7,0,0,-6999,685.1,-6999,-6999,-.037,0,0,0,0
2,2005,3,2400,.3
3,2005,3,2400,26.41,17.99,20.98,101.8,2259,64.45,1245,87.6,-6999,0,-6999,0,-6999,10.7
2,2005,4,10,0
2,2005,4,20,.2
1,2005,4,30,17.99,101.7,0,0,-6999,684.9,-6999,-6999,-.037,0,0,0,0
2,2005,4,30,.1
2,2005,4,40,.2
2,2005,4,50,0
1,2005,4,100,17.89,101.7,0,0,-6999,684.5,-6999,-6999,-.037,0,0,0,0
2,2005,4,100,.1
2,2005,4,110,.3
2,2005,4,120,0
1,2005,4,130,17.72,101.8,0,0,-6999,684.2,-6999,-6999,-.037,0,0,0,0
2,2005,4,130,.2
2,2005,4,140,0
2,2005,4,150,.1
1,2005,4,200,17.66,101.8,0,0,-6999,683.8,-6999,-6999,-.037,0,0,0,0
2,2005,4,200,0
2,2005,4,210,.2
2,2005,4,220,0
1,2005,4,230,17.7,101.8,0,0,-6999,683.5,-6999,-6999,-.037,0,0,0,0
2,2005,4,230,0
2,2005,4,240,0
2,2005,4,250,0
1,2005,4,300,17.86,101.7,0,0,-6999,683.4,-6999,-6999,-.037,0,0,0,0
2,2005,4,300,0
2,2005,4,310,0
2,2005,4,320,.1
1,2005,4,330,17.92,101.7,0,0,-6999,683.3,-6999,-6999,-.037,0,0,0,0
2,2005,4,330,0
2,2005,4,340,0
2,2005,4,350,0
1,2005,4,400,17.97,101.7,0,0,-6999,683.3,-6999,-6999,-.037,0,0,0,0
2,2005,4,400,0
2,2005,4,410,.1
2,2005,4,420,0
1,2005,4,430,18.06,101.7,0,0,-6999,683.3,-6999,-6999,-.037,0,0,0,0
2,2005,4,430,0
2,2005,4,440,0
2,2005,4,450,0
1,2005,4,500,18.15,101.7,0,0,-6999,683.3,-6999,-6999,-.037,0,0,0,0
2,2005,4,500,.1
2,2005,4,510,0
2,2005,4,520,0
1,2005,4,530,18.23,101.8,.009,0,-6999,683.4,-6999,-6999,-.037,0,0,0,0
2,2005,4,530,0
2,2005,4,540,0
2,2005,4,550,0
1,2005,4,600,18.36,101.9,3.229,0,-6999,683.5,-6999,-6999,-.037,0,0,0,0
2,2005,4,600,0
2,2005,4,610,0
2,2005,4,620,0
1,2005,4,630,18.4,101.9,12.59,0,-6999,683.7,-6999,-6999,-.037,0,0,0,0
2,2005,4,630,.1
2,2005,4,640,.1
2,2005,4,650,.3
1,2005,4,700,18.48,101.9,22.32,0,-6999,683.9,-6999,-6999,-.037,0,0,0,0
2,2005,4,700,.3
2,2005,4,710,.3
2,2005,4,720,.3
1,2005,4,730,18.59,101.9,28.05,0,-6999,684.2,-6999,-6999,-.037,0,0,0,0
2,2005,4,730,2.5
2,2005,4,740,.7
2,2005,4,750,.8
1,2005,4,800,18.72,101.9,53.17,0,-6999,684.3,-6999,-6999,-.037,0,0,0,0
2,2005,4,800,.6
2,2005,4,810,1.9
2,2005,4,820,3.1
1,2005,4,830,18.74,101.9,25.7,0,-6999,684.5,-6999,-6999,-.037,0,0,0,0
2,2005,4,830,2.9
2,2005,4,840,.6
2,2005,4,850,.4
1,2005,4,900,18.7,101.9,72.6,0,-6999,684.5,-6999,-6999,-.037,0,0,0,0
2,2005,4,900,.2
2,2005,4,910,.1
2,2005,4,920,.3
1,2005,4,930,18.85,101.9,95.8,0,-6999,684.5,-6999,-6999,-.037,0,0,0,0
2,2005,4,930,.3
2,2005,4,940,.2
2,2005,4,950,.1
1,2005,4,1000,19.1,101.9,122.6,0,-6999,684.4,-6999,-6999,-.037,0,0,0,0
2,2005,4,1000,0
2,2005,4,1010,.2
2,2005,4,1020,.1
1,2005,4,1030,19.32,101.7,101.4,0,-6999,684.4,-6999,-6999,-.037,0,0,0,0
2,2005,4,1030,.3
2,2005,4,1040,.3
2,2005,4,1050,.3
1,2005,4,1100,19.45,101.6,123.6,0,-6999,684.2,-6999,-6999,-.037,0,0,0,0
2,2005,4,1100,.3
2,2005,4,1110,.3
2,2005,4,1120,.3
1,2005,4,1130,19.45,101.6,120.4,0,-6999,684.1,-6999,-6999,-.037,0,0,0,0
2,2005,4,1130,.3
2,2005,4,1140,.3
2,2005,4,1150,.3
1,2005,4,1200,19.41,101.5,119,0,-6999,683.9,-6999,-6999,-.037,0,0,0,0
2,2005,4,1200,.2
2,2005,4,1210,.1
2,2005,4,1220,.2
1,2005,4,1230,19.37,101.4,198.5,0,-6999,683.6,-6999,-6999,-.037,0,0,0,0
2,2005,4,1230,.1
2,2005,4,1240,.2
2,2005,4,1250,0
1,2005,4,1300,19.7,101.2,313,0,-6999,683.4,-6999,-6999,-.037,0,0,0,0
2,2005,4,1300,.1
2,2005,4,1310,0
2,2005,4,1320,0
1,2005,4,1330,20.11,98.3,305,0,-6999,683.2,-6999,-6999,-.037,0,0,0,0
2,2005,4,1330,0
2,2005,4,1340,.3
2,2005,4,1350,.2
1,2005,4,1400,20.05,99.4,185.5,0,-6999,683,-6999,-6999,-.037,0,0,0,0
2,2005,4,1400,.1
2,2005,4,1410,0
2,2005,4,1420,0
1,2005,4,1430,20.28,99.4,266.2,0,-6999,682.7,-6999,-6999,-.037,0,0,0,0
2,2005,4,1430,0
2,2005,4,1440,0
2,2005,4,1450,0
1,2005,4,1500,20.73,98.5,249.8,0,-6999,682.3,-6999,-6999,-.037,0,0,0,0
2,2005,4,1500,.1
2,2005,4,1510,0
2,2005,4,1520,0
1,2005,4,1530,21.14,96.8,226.2,0,-6999,682.1,-6999,-6999,-.037,0,0,0,0
2,2005,4,1530,0
2,2005,4,1540,0
2,2005,4,1550,0
1,2005,4,1600,21.06,96.1,76.1,0,-6999,681.7,-6999,-6999,-.037,0,0,0,0
2,2005,4,1600,.4
2,2005,4,1610,.7
2,2005,4,1620,.6
1,2005,4,1630,20.53,98.5,11.42,0,-6999,681.4,-6999,-6999,-.037,0,0,0,0
2,2005,4,1630,.7
2,2005,4,1640,1.4
2,2005,4,1650,5.3
1,2005,4,1700,20.23,100.2,16.33,0,-6999,681.7,-6999,-6999,-.037,0,0,0,0
2,2005,4,1700,8.7
2,2005,4,1710,10
2,2005,4,1720,.8
1,2005,4,1730,19.6,101.1,19.14,0,-6999,681.9,-6999,-6999,-.037,0,0,0,0
2,2005,4,1730,.5
2,2005,4,1740,1.3
2,2005,4,1750,3
1,2005,4,1800,19.51,101.5,14.43,0,-6999,682,-6999,-6999,-.037,0,0,0,0
2,2005,4,1800,1.8
2,2005,4,1810,1.5
2,2005,4,1820,.3
1,2005,4,1830,19.37,101.7,29.4,0,-6999,682.1,-6999,-6999,-.037,0,0,0,0
2,2005,4,1830,.2
2,2005,4,1840,0
2,2005,4,1850,.1
1,2005,4,1900,19.34,101.7,11.49,0,-6999,682.1,-6999,-6999,-.037,0,0,0,0
2,2005,4,1900,0
2,2005,4,1910,.2
2,2005,4,1920,.1
1,2005,4,1930,19.36,101.7,.125,0,-6999,682.3,-6999,-6999,-.037,0,0,0,0
2,2005,4,1930,.9
2,2005,4,1940,2.8
2,2005,4,1950,1.3
1,2005,4,2000,19.4,101.7,0,0,-6999,682.4,-6999,-6999,-.037,0,0,0,0
2,2005,4,2000,.2
2,2005,4,2010,.3
2,2005,4,2020,0
1,2005,4,2030,19.42,101.8,0,0,-6999,682.6,-6999,-6999,-.037,0,0,0,0
2,2005,4,2030,.2
2,2005,4,2040,0
2,2005,4,2050,0
1,2005,4,2100,19.49,101.9,0,0,-6999,682.8,-6999,-6999,-.037,0,0,0,0
2,2005,4,2100,0
2,2005,4,2110,0
2,2005,4,2120,0
1,2005,4,2130,19.55,101.9,0,0,-6999,683,-6999,-6999,-.037,0,0,0,0
2,2005,4,2130,0
2,2005,4,2140,0
2,2005,4,2150,0
1,2005,4,2200,19.55,101.9,0,0,-6999,683.1,-6999,-6999,-.037,0,0,0,0
2,2005,4,2200,0
2,2005,4,2210,.1
2,2005,4,2220,0
1,2005,4,2230,19.41,102,0,0,-6999,683.2,-6999,-6999,-.037,0,0,0,0
2,2005,4,2230,1.8
2,2005,4,2240,1.4
2,2005,4,2250,0
1,2005,4,2300,19.12,102,0,0,-6999,683.2,-6999,-6999,-.037,0,0,0,0
2,2005,4,2300,0
2,2005,4,2310,0
2,2005,4,2320,0
1,2005,4,2330,19.29,102,0,0,-6999,683.1,-6999,-6999,-.037,0,0,0,0
2,2005,4,2330,.2
2,2005,4,2340,.3
2,2005,4,2350,.1
1,2005,4,2400,19.3,102,0,0,-6999,682.9,-6999,-6999,-.037,0,0,0,0
2,2005,4,2400,0
3,2005,4,2400,21.35,17.59,19.12,102.1,2338,95.3,1536,101.2,-6999,0,-6999,0,-6999,69.6
2,2005,5,10,.8
2,2005,5,20,.1
1,2005,5,30,19.14,102,0,0,-6999,682.7,-6999,-6999,-.037,0,0,0,0
2,2005,5,30,0
2,2005,5,40,.2
2,2005,5,50,0
1,2005,5,100,19.05,102,0,0,-6999,682.5,-6999,-6999,-.037,0,0,0,0
2,2005,5,100,0
2,2005,5,110,0
2,2005,5,120,0
1,2005,5,130,19.08,102,0,0,-6999,682.4,-6999,-6999,-.037,0,0,0,0
2,2005,5,130,0
2,2005,5,140,0
2,2005,5,150,0
1,2005,5,200,19.14,102,0,0,-6999,682.3,-6999,-6999,-.037,0,0,0,0
2,2005,5,200,0
2,2005,5,210,0
2,2005,5,220,0
1,2005,5,230,18.97,102,0,0,-6999,682.3,-6999,-6999,-.037,0,0,0,0
2,2005,5,230,0
2,2005,5,240,0
2,2005,5,250,0
1,2005,5,300,18.96,102,0,0,-6999,682.1,-6999,-6999,-.037,0,0,0,0
2,2005,5,300,.1
2,2005,5,310,0
2,2005,5,320,0
1,2005,5,330,19.03,102,0,0,-6999,682,-6999,-6999,-.037,0,0,0,0
2,2005,5,330,0
2,2005,5,340,.6
2,2005,5,350,.1
1,2005,5,400,19.09,102,0,0,-6999,682,-6999,-6999,-.037,0,0,0,0
2,2005,5,400,0
2,2005,5,410,0
2,2005,5,420,0
1,2005,5,430,19.04,102,0,0,-6999,682,-6999,-6999,-.037,0,0,0,0
2,2005,5,430,0
2,2005,5,440,.1
2,2005,5,450,5.1
1,2005,5,500,18.99,102,0,0,-6999,682.1,-6999,-6999,-.037,0,0,0,0
2,2005,5,500,.1
2,2005,5,510,0
2,2005,5,520,0
1,2005,5,530,18.99,102.1,.014,0,-6999,682.4,-6999,-6999,-.037,0,0,0,0
2,2005,5,530,0
2,2005,5,540,0
2,2005,5,550,.1
1,2005,5,600,18.93,102.1,2.959,0,-6999,682.5,-6999,-6999,-.037,0,0,0,0
2,2005,5,600,.2
2,2005,5,610,.1
2,2005,5,620,0
1,2005,5,630,18.8,102.1,15.21,0,-6999,682.7,-6999,-6999,-.037,0,0,0,0
2,2005,5,630,0
2,2005,5,640,0
2,2005,5,650,0
1,2005,5,700,18.85,102.1,26.07,0,-6999,682.8,-6999,-6999,-.037,0,0,0,0
2,2005,5,700,.3
2,2005,5,710,.5
2,2005,5,720,2.4
1,2005,5,730,18.94,102.1,33.75,0,-6999,683,-6999,-6999,-.037,0,0,0,0
2,2005,5,730,.9
2,2005,5,740,.2
2,2005,5,750,.1
1,2005,5,800,18.86,102.1,57.59,0,-6999,683.3,-6999,-6999,-.037,0,0,0,0
2,2005,5,800,.4
2,2005,5,810,.3
2,2005,5,820,0
1,2005,5,830,18.83,102.1,143.5,0,-6999,683.5,-6999,-6999,-.037,0,0,0,0
2,2005,5,830,.1
2,2005,5,840,.3
2,2005,5,850,.6
1,2005,5,900,19.22,102.1,176.7,0,-6999,683.6,-6999,-6999,-.037,0,0,0,0
2,2005,5,900,1
2,2005,5,910,.4
2,2005,5,920,.4
1,2005,5,930,19.05,102,131.4,0,-6999,683.6,-6999,-6999,-.037,0,0,0,0
2,2005,5,930,2.3
2,2005,5,940,.9
2,2005,5,950,0
1,2005,5,1000,19.26,102,113.2,0,-6999,683.8,-6999,-6999,-.037,0,0,0,0
2,2005,5,1000,.3
2,2005,5,1010,.6
2,2005,5,1020,.6
1,2005,5,1030,19.53,102,137.7,0,-6999,684.1,-6999,-6999,-.037,0,0,0,0
2,2005,5,1030,3.5
2,2005,5,1040,.7
2,2005,5,1050,3.9
1,2005,5,1100,19.41,101.9,69.33,0,-6999,684,-6999,-6999,-.037,0,0,0,0
2,2005,5,1100,3.5
2,2005,5,1110,1.3
2,2005,5,1120,.7
1,2005,5,1130,19.49,102,172.3,0,-6999,683.9,-6999,-6999,-.037,0,0,0,0
2,2005,5,1130,.2
2,2005,5,1140,0
2,2005,5,1150,0
1,2005,5,1200,20.11,101.9,316.8,0,-6999,684.1,-6999,-6999,-.037,0,0,0,0
2,2005,5,1200,0
2,2005,5,1210,0
2,2005,5,1220,0
1,2005,5,1230,20.59,100.5,336.1,0,-6999,683.8,-6999,-6999,-.037,0,0,0,0
2,2005,5,1230,.1
2,2005,5,1240,0
2,2005,5,1250,.3
1,2005,5,1300,20.21,100.5,417,0,-6999,683.1,-6999,-6999,-.037,0,0,0,0
2,2005,5,1300,.9
2,2005,5,1310,0
2,2005,5,1320,0
1,2005,5,1330,20.72,99.7,542.7,0,-6999,683.2,-6999,-6999,-.037,0,0,0,0
2,2005,5,1330,0
2,2005,5,1340,0
2,2005,5,1350,0
1,2005,5,1400,21.6,94.5,550.1,0,-6999,682.8,-6999,-6999,-.037,0,0,0,0
2,2005,5,1400,0
2,2005,5,1410,0
2,2005,5,1420,0
1,2005,5,1430,21.52,94.3,607.7,0,-6999,682.1,-6999,-6999,-.037,0,0,0,0
2,2005,5,1430,0
2,2005,5,1440,0
2,2005,5,1450,0
1,2005,5,1500,22.38,89,633.7,0,-6999,681.9,-6999,-6999,-.037,0,0,0,0
2,2005,5,1500,0
2,2005,5,1510,0
2,2005,5,1520,0
1,2005,5,1530,22.93,87,629.5,0,-6999,681.6,-6999,-6999,-.037,0,0,0,0
2,2005,5,1530,0
2,2005,5,1540,0
2,2005,5,1550,0
1,2005,5,1600,23.33,85,432,0,-6999,681.4,-6999,-6999,-.037,0,0,0,0
2,2005,5,1600,0
2,2005,5,1610,0
2,2005,5,1620,0
1,2005,5,1630,23.09,87,290.6,0,-6999,681.3,-6999,-6999,-.037,0,0,0,0
2,2005,5,1630,0
2,2005,5,1640,0
2,2005,5,1650,0
1,2005,5,1700,22.54,91.6,274.2,0,-6999,681.2,-6999,-6999,-.037,0,0,0,0
2,2005,5,1700,0
2,2005,5,1710,0
2,2005,5,1720,0
1,2005,5,1730,22.4,89.9,121.9,0,-6999,681.1,-6999,-6999,-.037,0,0,0,0
2,2005,5,1730,0
2,2005,5,1740,0
2,2005,5,1750,0
1,2005,5,1800,22.27,89.7,99.3,0,-6999,681.3,-6999,-6999,-.037,0,0,0,0
2,2005,5,1800,0
2,2005,5,1810,0
2,2005,5,1820,0
1,2005,5,1830,21.48,92.7,30.21,0,-6999,681.6,-6999,-6999,-.037,0,0,0,0
2,2005,5,1830,0
2,2005,5,1840,.2
2,2005,5,1850,0
1,2005,5,1900,20.36,98.9,9.65,0,-6999,681.9,-6999,-6999,-.037,0,0,0,0
2,2005,5,1900,0
2,2005,5,1910,0
2,2005,5,1920,0
1,2005,5,1930,20.36,98.9,.293,0,-6999,682.3,-6999,-6999,-.037,0,0,0,0
2,2005,5,1930,0
2,2005,5,1940,0
2,2005,5,1950,0
1,2005,5,2000,20.26,99.3,0,0,-6999,682.6,-6999,-6999,-.037,0,0,0,0
2,2005,5,2000,0
2,2005,5,2010,0
2,2005,5,2020,0
1,2005,5,2030,20.3,98.5,0,0,-6999,682.9,-6999,-6999,-.037,0,0,0,0
2,2005,5,2030,0
2,2005,5,2040,0
2,2005,5,2050,0
1,2005,5,2100,20.52,98,0,0,-6999,683.3,-6999,-6999,-.037,0,0,0,0
2,2005,5,2100,0
2,2005,5,2110,0
2,2005,5,2120,0
1,2005,5,2130,20.54,98.9,0,0,-6999,683.6,-6999,-6999,-.037,0,0,0,0
2,2005,5,2130,0
2,2005,5,2140,0
2,2005,5,2150,0
1,2005,5,2200,20.53,99.5,0,0,-6999,683.8,-6999,-6999,-.037,0,0,0,0
2,2005,5,2200,0
2,2005,5,2210,0
2,2005,5,2220,0
1,2005,5,2230,20.36,99.9,0,0,-6999,683.8,-6999,-6999,-.037,0,0,0,0
2,2005,5,2230,0
2,2005,5,2240,0
2,2005,5,2250,0
1,2005,5,2300,20.23,100.4,0,0,-6999,683.8,-6999,-6999,-.037,0,0,0,0
2,2005,5,2300,0
2,2005,5,2310,0
2,2005,5,2320,0
1,2005,5,2330,20.29,99.5,0,0,-6999,683.9,-6999,-6999,-.037,0,0,0,0
2,2005,5,2330,0
2,2005,5,2340,0
2,2005,5,2350,0
1,2005,5,2400,20.28,99.6,0,0,-6999,683.8,-6999,-6999,-.037,0,0,0,0
2,2005,5,2400,0
3,2005,5,2400,23.8,18.66,20.16,102.2,611,81.7,1547,98.8,-6999,0,-6999,0,-6999,35.5
2,2005,6,10,0
2,2005,6,20,0
1,2005,6,30,20.25,100.1,0,0,-6999,683.7,-6999,-6999,-.037,0,0,0,0
2,2005,6,30,0
2,2005,6,40,0
2,2005,6,50,0
1,2005,6,100,20.11,100.7,0,0,-6999,683.6,-6999,-6999,-.037,0,0,0,0
2,2005,6,100,0
2,2005,6,110,0
2,2005,6,120,.3
1,2005,6,130,20.12,101,0,0,-6999,683.5,-6999,-6999,-.037,0,0,0,0
2,2005,6,130,1.2
2,2005,6,140,.7
2,2005,6,150,2.9
1,2005,6,200,19.96,101.4,0,0,-6999,683.3,-6999,-6999,-.037,0,0,0,0
2,2005,6,200,3.1
2,2005,6,210,.6
2,2005,6,220,.4
1,2005,6,230,19.53,101.8,0,0,-6999,683.1,-6999,-6999,-.037,0,0,0,0
2,2005,6,230,.3
2,2005,6,240,.2
2,2005,6,250,0
1,2005,6,300,19.25,102,0,0,-6999,682.9,-6999,-6999,-.037,0,0,0,0
2,2005,6,300,0
2,2005,6,310,0
2,2005,6,320,.1
1,2005,6,330,19.07,102.1,0,0,-6999,682.7,-6999,-6999,-.037,0,0,0,0
2,2005,6,330,0
2,2005,6,340,0
2,2005,6,350,0
1,2005,6,400,18.77,102.1,0,0,-6999,682.6,-6999,-6999,-.037,0,0,0,0
2,2005,6,400,0
2,2005,6,410,0
2,2005,6,420,0
1,2005,6,430,18.61,102.2,0,0,-6999,682.6,-6999,-6999,-.037,0,0,0,0
2,2005,6,430,0
2,2005,6,440,0
2,2005,6,450,0
1,2005,6,500,18.47,102.2,0,0,-6999,682.8,-6999,-6999,-.037,0,0,0,0
2,2005,6,500,0
2,2005,6,510,0
2,2005,6,520,0
1,2005,6,530,18.46,102.2,.085,0,-6999,682.9,-6999,-6999,-.037,0,0,0,0
2,2005,6,530,0
2,2005,6,540,0
2,2005,6,550,0
1,2005,6,600,18.5,102.2,4.204,0,-6999,683.1,-6999,-6999,-.037,0,0,0,0
2,2005,6,600,0
2,2005,6,610,0
2,2005,6,620,0
1,2005,6,630,18.61,102.2,22.01,0,-6999,683.4,-6999,-6999,-.037,0,0,0,0
2,2005,6,630,0
2,2005,6,640,0
2,2005,6,650,0
1,2005,6,700,18.77,102.2,99,0,-6999,683.7,-6999,-6999,-.037,0,0,0,0
2,2005,6,700,0
2,2005,6,710,0
2,2005,6,720,0
1,2005,6,730,19.27,102,182.7,18.22,-6999,683.9,-6999,-6999,-.037,0,0,0,0
2,2005,6,730,0
2,2005,6,740,0
2,2005,6,750,0
1,2005,6,800,19.96,100.2,252.8,0,-6999,684.3,-6999,-6999,-.037,0,0,0,0
2,2005,6,800,0
2,2005,6,810,0
2,2005,6,820,0
1,2005,6,830,20.47,97.5,189.3,0,-6999,684.5,-6999,-6999,-.037,0,0,0,0
2,2005,6,830,0
2,2005,6,840,0
2,2005,6,850,0
1,2005,6,900,21.03,95.1,297.9,0,-6999,684.6,-6999,-6999,-.037,0,0,0,0
2,2005,6,900,0
2,2005,6,910,0
2,2005,6,920,0
1,2005,6,930,21.55,92.5,369.2,0,-6999,684.6,-6999,-6999,-.037,0,0,0,0
2,2005,6,930,0
2,2005,6,940,0
2,2005,6,950,0
1,2005,6,1000,21.98,90.6,290.6,0,-6999,684.7,-6999,-6999,-.037,0,0,0,0
2,2005,6,1000,0
2,2005,6,1010,0
2,2005,6,1020,0
1,2005,6,1030,22.33,88.8,360.3,0,-6999,684.8,-6999,-6999,-.037,0,0,0,0
2,2005,6,1030,0
2,2005,6,1040,0
2,2005,6,1050,0
1,2005,6,1100,22.68,86.8,387.8,0,-6999,684.8,-6999,-6999,-.037,0,0,0,0
2,2005,6,1100,0
2,2005,6,1110,0
2,2005,6,1120,0
1,2005,6,1130,23.26,84,556.4,0,-6999,684.9,-6999,-6999,-.037,0,0,0,0
2,2005,6,1130,0
2,2005,6,1140,0
2,2005,6,1150,0
1,2005,6,1200,24.01,82,541.6,0,-6999,684.8,-6999,-6999,-.037,0,0,0,0
2,2005,6,1200,0
2,2005,6,1210,0
2,2005,6,1220,0
1,2005,6,1230,24.44,79.7,595,0,-6999,684.7,-6999,-6999,-.037,0,0,0,0
2,2005,6,1230,0
2,2005,6,1240,0
2,2005,6,1250,0
1,2005,6,1300,25.18,76.4,705,0,-6999,684.4,-6999,-6999,-.037,0,0,0,0
2,2005,6,1300,0
2,2005,6,1310,0
2,2005,6,1320,0
1,2005,6,1330,25.34,74.9,554.9,0,-6999,683.9,-6999,-6999,-.037,0,0,0,0
2,2005,6,1330,0
2,2005,6,1340,0
2,2005,6,1350,0
1,2005,6,1400,24.87,79.1,411,0,-6999,683.6,-6999,-6999,-.037,0,0,0,0
2,2005,6,1400,0
2,2005,6,1410,0
2,2005,6,1420,0
1,2005,6,1430,25.76,75.3,482.6,0,-6999,683.4,-6999,-6999,-.037,0,0,0,0
2,2005,6,1430,0
2,2005,6,1440,0
2,2005,6,1450,0
1,2005,6,1500,25.1,78.5,136,0,-6999,683.3,-6999,-6999,-.037,0,0,0,0
2,2005,6,1500,0
2,2005,6,1510,3.2
2,2005,6,1520,.6
1,2005,6,1530,22.39,94,248.6,0,-6999,683.3,-6999,-6999,-.037,0,0,0,0
2,2005,6,1530,0
2,2005,6,1540,0
2,2005,6,1550,0
1,2005,6,1600,23.51,96.9,583,0,-6999,683,-6999,-6999,-.037,0,0,0,0
2,2005,6,1600,0
2,2005,6,1610,0
2,2005,6,1620,0
1,2005,6,1630,24.69,86.7,476.8,0,-6999,682.8,-6999,-6999,-.037,0,0,0,0
2,2005,6,1630,0
2,2005,6,1640,0
2,2005,6,1650,0
1,2005,6,1700,25.75,76.6,339.1,0,-6999,682.8,-6999,-6999,-.037,0,0,0,0
2,2005,6,1700,0
2,2005,6,1710,0
2,2005,6,1720,0
1,2005,6,1730,26.49,72.6,208,0,-6999,682.7,-6999,-6999,-.037,0,0,0,0
2,2005,6,1730,0
2,2005,6,1740,0
2,2005,6,1750,0
1,2005,6,1800,25.86,77.3,106.9,0,-6999,682.8,-6999,-6999,-.037,0,0,0,0
2,2005,6,1800,0
2,2005,6,1810,0
2,2005,6,1820,0
1,2005,6,1830,24.42,83.2,41.21,0,-6999,683,-6999,-6999,-.037,0,0,0,0
2,2005,6,1830,0
2,2005,6,1840,0
2,2005,6,1850,0
1,2005,6,1900,23.05,89.2,4.383,0,-6999,683.3,-6999,-6999,-.037,0,0,0,0
2,2005,6,1900,0
2,2005,6,1910,0
2,2005,6,1920,0
1,2005,6,1930,22.72,91.4,.002,0,-6999,683.9,-6999,-6999,-.037,0,0,0,0
2,2005,6,1930,.5
2,2005,6,1940,.6
2,2005,6,1950,2.5
1,2005,6,2000,20.28,98.8,.007,0,-6999,684.4,-6999,-6999,-.037,0,0,0,0
2,2005,6,2000,3.3
2,2005,6,2010,.7
2,2005,6,2020,.3
1,2005,6,2030,19.35,101.2,0,0,-6999,684.3,-6999,-6999,-.037,0,0,0,0
2,2005,6,2030,.1
2,2005,6,2040,.2
2,2005,6,2050,.1
1,2005,6,2100,19.49,101.5,0,0,-6999,684.3,-6999,-6999,-.037,0,0,0,0
2,2005,6,2100,0
2,2005,6,2110,0
2,2005,6,2120,0
1,2005,6,2130,19.69,101.8,0,0,-6999,684.6,-6999,-6999,-.037,0,0,0,0
2,2005,6,2130,0
2,2005,6,2140,0
2,2005,6,2150,0
1,2005,6,2200,19.71,101.8,.001,0,-6999,684.7,-6999,-6999,-.037,0,0,0,0
2,2005,6,2200,0
2,2005,6,2210,0
2,2005,6,2220,0
1,2005,6,2230,19.62,101.7,.002,0,-6999,684.9,-6999,-6999,-.037,0,0,0,0
2,2005,6,2230,0
2,2005,6,2240,0
2,2005,6,2250,0
1,2005,6,2300,19.61,101.6,0,0,-6999,685,-6999,-6999,-.037,0,0,0,0
2,2005,6,2300,0
2,2005,6,2310,0
2,2005,6,2320,0
1,2005,6,2330,19.72,101.5,.003,0,-6999,685,-6999,-6999,-.037,0,0,0,0
2,2005,6,2330,0
2,2005,6,2340,0
2,2005,6,2350,0
1,2005,6,2400,19.72,100.7,.001,0,-6999,684.9,-6999,-6999,-.037,0,0,0,0
2,2005,6,2400,0
3,2005,6,2400,26.93,18.39,21.5,102.3,448,69.65,1713,93.5,-6999,0,-6999,0,-6999,21.9
2,2005,7,10,0
2,2005,7,20,0
1,2005,7,30,19.7,100.6,.003,0,-6999,684.8,-6999,-6999,-.037,0,0,0,0
2,2005,7,30,0
2,2005,7,40,0
2,2005,7,50,0
1,2005,7,100,19.68,100.9,.005,0,-6999,684.6,-6999,-6999,-.037,0,0,0,0
2,2005,7,100,0
2,2005,7,110,0
2,2005,7,120,0
1,2005,7,130,19.62,101.1,.007,0,-6999,684.3,-6999,-6999,-.037,0,0,0,0
2,2005,7,130,0
2,2005,7,140,0
2,2005,7,150,0
1,2005,7,200,19.53,101.3,.002,0,-6999,684.1,-6999,-6999,-.037,0,0,0,0
2,2005,7,200,0
2,2005,7,210,0
2,2005,7,220,0
1,2005,7,230,19.66,101.3,.001,0,-6999,683.9,-6999,-6999,-.037,0,0,0,0
2,2005,7,230,0
2,2005,7,240,0
2,2005,7,250,0
1,2005,7,300,19.94,100.6,0,0,-6999,683.7,-6999,-6999,-.037,0,0,0,0
2,2005,7,300,0
2,2005,7,310,0
2,2005,7,320,0
1,2005,7,330,20.15,99.7,.001,0,-6999,683.7,-6999,-6999,-.037,0,0,0,0
2,2005,7,330,0
2,2005,7,340,0
2,2005,7,350,0
1,2005,7,400,20.07,99.1,.007,0,-6999,683.8,-6999,-6999,-.037,0,0,0,0
2,2005,7,400,0
2,2005,7,410,0
2,2005,7,420,0
1,2005,7,430,20,99,.006,0,-6999,683.9,-6999,-6999,-.037,0,0,0,0
2,2005,7,430,0
2,2005,7,440,0
2,2005,7,450,0
1,2005,7,500,19.82,99.8,.007,0,-6999,684.2,-6999,-6999,-.037,0,0,0,0
2,2005,7,500,0
2,2005,7,510,0
2,2005,7,520,0
1,2005,7,530,19.69,100.4,.166,0,-6999,684.3,-6999,-6999,-.037,0,0,0,0
2,2005,7,530,0
2,2005,7,540,0
2,2005,7,550,0
1,2005,7,600,19.73,100.7,10.65,0,-6999,684.6,-6999,-6999,-.037,0,0,0,0
2,2005,7,600,0
2,2005,7,610,0
2,2005,7,620,0
1,2005,7,630,19.94,100.7,42.66,0,-6999,684.9,-6999,-6999,-.037,0,0,0,0
2,2005,7,630,0
2,2005,7,640,0
2,2005,7,650,0
1,2005,7,700,20.59,99.9,184.9,0,-6999,685.1,-6999,-6999,-.037,0,0,0,0
2,2005,7,700,0
2,2005,7,710,0
2,2005,7,720,0
1,2005,7,730,21.71,97.3,268.7,0,-6999,685.3,-6999,-6999,-.037,0,0,0,0
2,2005,7,730,0
2,2005,7,740,0
2,2005,7,750,0
1,2005,7,800,22.42,94,343.3,0,-6999,685.4,-6999,-6999,-.037,0,0,0,0
2,2005,7,800,0
2,2005,7,810,0
2,2005,7,820,0
1,2005,7,830,22.53,93,326.6,0,-6999,685.6,-6999,-6999,-.037,0,0,0,0
2,2005,7,830,0
2,2005,7,840,0
2,2005,7,850,0
1,2005,7,900,23.68,88.5,515.6,0,-6999,685.8,-6999,-6999,-.037,0,0,0,0
2,2005,7,900,0
2,2005,7,910,0
2,2005,7,920,0
1,2005,7,930,24.54,83.2,643,0,-6999,685.9,-6999,-6999,-.037,0,0,0,0
2,2005,7,930,0
2,2005,7,940,0
2,2005,7,950,0
1,2005,7,1000,25.23,79.8,664,0,-6999,685.9,-6999,-6999,-.037,0,0,0,0
2,2005,7,1000,0
2,2005,7,1010,0
2,2005,7,1020,0
1,2005,7,1030,25.89,74.8,757,0,-6999,685.9,-6999,-6999,-.037,0,0,0,0
2,2005,7,1030,0
2,2005,7,1040,0
2,2005,7,1050,0
1,2005,7,1100,26.33,72.7,742,0,-6999,685.9,-6999,-6999,-.037,0,0,0,0
2,2005,7,1100,0
2,2005,7,1110,0
2,2005,7,1120,0
1,2005,7,1130,26.65,71,740,0,-6999,685.8,-6999,-6999,-.037,0,0,0,0
2,2005,7,1130,0
2,2005,7,1140,0
2,2005,7,1150,0
1,2005,7,1200,26.49,71.8,616.5,0,-6999,685.7,-6999,-6999,-.037,0,0,0,0
2,2005,7,1200,0
2,2005,7,1210,0
2,2005,7,1220,0
1,2005,7,1230,26.69,71.1,452.8,0,-6999,685.5,-6999,-6999,-.037,0,0,0,0
2,2005,7,1230,0
2,2005,7,1240,0
2,2005,7,1250,0
1,2005,7,1300,25.9,73.3,201.1,0,-6999,685.2,-6999,-6999,-.037,0,0,0,0
2,2005,7,1300,0
2,2005,7,1310,0
2,2005,7,1320,0
1,2005,7,1330,25.65,78.9,340.3,0,-6999,685,-6999,-6999,-.037,0,0,0,0
2,2005,7,1330,0
2,2005,7,1340,0
2,2005,7,1350,0
