2,2005,20,1350,0
1,2005,20,1400,22.05,96.7,268.9,0,-6999,681.6,-6999,-6999,-.036,0,0,0,0
2,2005,20,1400,0
2,2005,20,1410,.1
2,2005,20,1420,0
1,2005,20,1430,21.64,99.2,191,0,-6999,681.3,-6999,3.266,-.036,0,0,0,0
2,2005,20,1430,0
2,2005,20,1440,0
2,2005,20,1450,0
1,2005,20,1500,21.95,98.4,242.6,0,-6999,681,-6999,3.202,-.036,0,0,0,0
2,2005,20,1500,0
2,2005,20,1510,0
2,2005,20,1520,0
1,2005,20,1530,22.41,94.8,242,0,-6999,680.7,-6999,-6999,-.036,0,0,0,0
2,2005,20,1530,0
2,2005,20,1540,0
2,2005,20,1550,0
1,2005,20,1600,22.48,94.9,163.7,0,-6999,680.7,-6999,-6999,-.037,0,0,0,0
2,2005,20,1600,0
2,2005,20,1610,0
2,2005,20,1620,0
1,2005,20,1630,22.55,94.4,156.1,0,-6999,680.6,-6999,-6999,-.037,0,0,0,0
2,2005,20,1630,0
2,2005,20,1640,0
2,2005,20,1650,0
1,2005,20,1700,22.63,93.8,136.5,0,-6999,680.5,-6999,-6999,-.037,0,0,0,0
2,2005,20,1700,0
2,2005,20,1710,0
2,2005,20,1720,0
1,2005,20,1730,22.61,94.4,85.1,0,-6999,680.5,-6999,-6999,-.037,0,0,0,0
2,2005,20,1730,.2
2,2005,20,1740,1.6
2,2005,20,1750,1.2
1,2005,20,1800,21.69,99.7,10.54,0,-6999,680.6,-6999,-6999,-.037,0,0,0,0
2,2005,20,1800,1.6
2,2005,20,1810,2.8
2,2005,20,1820,2.1
1,2005,20,1830,20.81,101.9,4.057,0,-6999,680.9,-6999,-6999,-.037,0,0,0,0
2,2005,20,1830,.7
2,2005,20,1840,.9
2,2005,20,1850,.8
1,2005,20,1900,20.53,102.4,1.096,0,-6999,681.3,-6999,-6999,-.037,0,0,0,0
2,2005,20,1900,.2
2,2005,20,1910,.1
2,2005,20,1920,.1
1,2005,20,1930,20.45,102.6,.068,0,-6999,681.5,-6999,-6999,-.037,0,0,0,0
2,2005,20,1930,0
2,2005,20,1940,.3
2,2005,20,1950,0
1,2005,20,2000,20.34,102.6,.003,0,-6999,681.4,-6999,-6999,-.037,0,0,0,0
2,2005,20,2000,.2
2,2005,20,2010,0
2,2005,20,2020,0
1,2005,20,2030,20.3,102.7,.001,0,-6999,681.5,-6999,-6999,-.037,0,0,0,0
2,2005,20,2030,0
2,2005,20,2040,0
2,2005,20,2050,0
1,2005,20,2100,20.25,102.7,.001,0,-6999,681.7,-6999,-6999,-.037,0,0,0,0
2,2005,20,2100,.1
2,2005,20,2110,0
2,2005,20,2120,0
1,2005,20,2130,20.2,102.7,.001,0,-6999,682,-6999,-6999,-.037,0,0,0,0
2,2005,20,2130,0
2,2005,20,2140,0
2,2005,20,2150,0
1,2005,20,2200,20.14,102.8,0,0,-6999,682.4,-6999,-6999,-.037,0,0,0,0
2,2005,20,2200,0
2,2005,20,2210,0
2,2005,20,2220,0
1,2005,20,2230,20.13,102.7,.003,0,-6999,682.7,-6999,-6999,-.037,0,0,0,0
2,2005,20,2230,0
2,2005,20,2240,0
2,2005,20,2250,0
1,2005,20,2300,20.15,102.7,.005,0,-6999,682.9,-6999,-6999,-.037,0,0,0,0
2,2005,20,2300,0
2,2005,20,2310,.2
2,2005,20,2320,.1
1,2005,20,2330,20.23,102.6,.024,0,-6999,682.9,-6999,-6999,-.037,0,0,0,0
2,2005,20,2330,0
2,2005,20,2340,0
2,2005,20,2350,0
1,2005,20,2400,20.21,102.7,.006,0,-6999,682.7,-6999,-6999,-.037,0,0,0,0
2,2005,20,2400,.1
3,2005,20,2400,22.81,19.26,20.62,102.9,2119,91.5,1233,100.8,3.691,1334,-6999,0,-6999,18.9
2,2005,21,10,0
2,2005,21,20,0
1,2005,21,30,20.14,102.7,.006,0,-6999,682.5,-6999,-6999,-.037,0,0,0,0
2,2005,21,30,1.5
2,2005,21,40,.7
2,2005,21,50,0
1,2005,21,100,20.1,102.7,.01,0,-6999,682.3,-6999,-6999,-.037,0,0,0,0
2,2005,21,100,0
2,2005,21,110,.2
2,2005,21,120,.8
1,2005,21,130,20.06,102.8,.023,0,-6999,682.1,-6999,-6999,-.036,0,0,0,0
2,2005,21,130,.4
2,2005,21,140,.8
2,2005,21,150,1
1,2005,21,200,19.98,102.8,.035,0,-6999,682.1,-6999,3.106,-.036,0,0,0,0
2,2005,21,200,.2
2,2005,21,210,0
2,2005,21,220,0
1,2005,21,230,19.81,102.8,.071,0,-6999,682,-6999,3.147,-.036,0,0,0,0
2,2005,21,230,0
2,2005,21,240,0
2,2005,21,250,0
1,2005,21,300,19.68,102.8,.075,0,-6999,682,-6999,3.18,-.036,0,0,0,0
2,2005,21,300,0
2,2005,21,310,0
2,2005,21,320,0
1,2005,21,330,19.55,102.8,.045,0,-6999,682,-6999,3.216,-.036,0,0,0,0
2,2005,21,330,0
2,2005,21,340,0
2,2005,21,350,0
1,2005,21,400,19.48,102.8,.028,0,-6999,682,-6999,3.246,-.036,0,0,0,0
2,2005,21,400,0
2,2005,21,410,0
2,2005,21,420,0
1,2005,21,430,19.56,102.8,.008,0,-6999,682.1,-6999,-6999,-.036,0,0,0,0
2,2005,21,430,0
2,2005,21,440,0
2,2005,21,450,0
1,2005,21,500,19.59,102.8,.012,82.3,-6999,682.2,-6999,-6999,-.037,0,0,0,0
2,2005,21,500,0
2,2005,21,510,0
2,2005,21,520,0
1,2005,21,530,19.53,102.8,.006,391.6,-6999,682.4,-6999,-6999,-.037,0,0,0,0
2,2005,21,530,0
2,2005,21,540,.1
2,2005,21,550,0
1,2005,21,600,19.35,102.8,.483,470.4,-6999,682.7,-6999,-6999,-.037,0,0,0,0
2,2005,21,600,0
2,2005,21,610,0
2,2005,21,620,0
1,2005,21,630,19.53,102.8,7.73,721,-6999,683,-6999,-6999,-.037,0,0,0,0
2,2005,21,630,0
2,2005,21,640,0
2,2005,21,650,0
1,2005,21,700,19.6,102.8,32.77,1041,-6999,683.3,-6999,-6999,-.037,0,0,0,0
2,2005,21,700,0
2,2005,21,710,0
2,2005,21,720,0
1,2005,21,730,19.83,102.8,50.19,1349,-6999,683.5,-6999,-6999,-.037,0,0,0,0
2,2005,21,730,0
2,2005,21,740,0
2,2005,21,750,0
1,2005,21,800,19.98,102.7,127.2,1444,-6999,683.9,-6999,-6999,-.037,0,0,0,0
2,2005,21,800,0
2,2005,21,810,0
2,2005,21,820,0
1,2005,21,830,20.41,102.1,238.4,174.7,-6999,684,-6999,-6999,-.037,0,0,0,0
2,2005,21,830,0
2,2005,21,840,0
2,2005,21,850,0
1,2005,21,900,21.37,97.9,355.6,0,-6999,684.4,-6999,-6999,-.037,0,0,0,0
2,2005,21,900,0
2,2005,21,910,0
2,2005,21,920,0
1,2005,21,930,21.76,95.5,299.4,0,-6999,684.4,-6999,-6999,-.037,0,0,0,0
2,2005,21,930,0
2,2005,21,940,0
2,2005,21,950,0
1,2005,21,1000,22.61,92.1,466.9,0,-6999,684.3,-6999,-6999,-.037,0,0,0,0
2,2005,21,1000,0
2,2005,21,1010,0
2,2005,21,1020,0
1,2005,21,1030,22.77,91.2,406.7,203.6,-6999,684.4,-6999,-6999,-.037,0,0,0,0
2,2005,21,1030,0
2,2005,21,1040,0
2,2005,21,1050,0
1,2005,21,1100,22.66,91.2,288,676.4,-6999,684.6,-6999,-6999,-.037,0,0,0,0
2,2005,21,1100,0
2,2005,21,1110,0
2,2005,21,1120,0
1,2005,21,1130,23.56,88,556.3,0,-6999,684.7,-6999,-6999,-.037,0,0,0,0
2,2005,21,1130,0
2,2005,21,1140,0
2,2005,21,1150,0
1,2005,21,1200,23.81,86.3,403,0,-6999,684.7,-6999,-6999,-.063,0,0,0,0
2,2005,21,1200,0
2,2005,21,1210,0
2,2005,21,1220,0
1,2005,21,1230,23.72,86.9,354.3,0,-6999,684.7,-6999,-6999,-.037,0,0,0,0
2,2005,21,1230,0
2,2005,21,1240,0
2,2005,21,1250,0
1,2005,21,1300,24.06,86.9,431.9,0,-6999,684.5,-6999,-6999,-.037,0,0,0,0
2,2005,21,1300,0
2,2005,21,1310,0
2,2005,21,1320,0
1,2005,21,1330,24.25,86.7,455.5,0,-6999,684.3,-6999,-6999,-.037,0,0,0,0
2,2005,21,1330,0
2,2005,21,1340,0
2,2005,21,1350,0
1,2005,21,1400,24.55,85.4,478.5,0,-6999,684,-6999,-6999,-.037,0,0,0,0
2,2005,21,1400,0
2,2005,21,1410,0
2,2005,21,1420,0
1,2005,21,1430,24.88,84.9,497.9,0,-6999,683.7,-6999,-6999,-.037,0,0,0,0
2,2005,21,1430,0
2,2005,21,1440,0
2,2005,21,1450,0
1,2005,21,1500,24.88,83.3,464.3,0,-6999,683.5,-6999,-6999,-.037,0,0,0,0
2,2005,21,1500,0
2,2005,21,1510,0
2,2005,21,1520,0
1,2005,21,1530,25.36,78.2,504.4,0,-6999,683.3,-6999,-6999,-.037,0,0,0,0
2,2005,21,1530,0
2,2005,21,1540,0
2,2005,21,1550,0
1,2005,21,1600,24.03,86.1,248.5,0,-6999,683.2,-6999,-6999,-.037,0,0,0,0
2,2005,21,1600,0
2,2005,21,1610,0
2,2005,21,1620,0
1,2005,21,1630,24,86.4,305.1,0,-6999,683.1,-6999,-6999,-.037,0,0,0,0
2,2005,21,1630,0
2,2005,21,1640,0
2,2005,21,1650,0
1,2005,21,1700,24.44,85.9,248.7,0,-6999,683,-6999,-6999,-.037,0,0,0,0
2,2005,21,1700,0
2,2005,21,1710,0
2,2005,21,1720,0
1,2005,21,1730,24.6,84.6,157.1,0,-6999,683.1,-6999,-6999,-.037,0,0,0,0
2,2005,21,1730,0
2,2005,21,1740,0
2,2005,21,1750,0
1,2005,21,1800,24.31,86.7,113.8,0,-6999,683.1,-6999,-6999,-.037,0,0,0,0
2,2005,21,1800,0
2,2005,21,1810,0
2,2005,21,1820,0
1,2005,21,1830,24.24,87.6,70.7,0,-6999,683.2,-6999,-6999,-.037,0,0,0,0
2,2005,21,1830,0
2,2005,21,1840,0
2,2005,21,1850,0
1,2005,21,1900,23.93,89.6,17.2,0,-6999,683.3,-6999,-6999,-.037,0,0,0,0
2,2005,21,1900,0
2,2005,21,1910,0
2,2005,21,1920,0
1,2005,21,1930,23.46,92.6,.333,0,-6999,683.6,-6999,-6999,-.037,0,0,0,0
2,2005,21,1930,0
2,2005,21,1940,0
2,2005,21,1950,0
1,2005,21,2000,23.04,95.2,0,0,-6999,683.9,-6999,-6999,-.037,0,0,0,0
2,2005,21,2000,0
2,2005,21,2010,0
2,2005,21,2020,0
1,2005,21,2030,22.76,97.3,0,0,-6999,684.2,-6999,-6999,-.037,0,0,0,0
2,2005,21,2030,0
2,2005,21,2040,0
2,2005,21,2050,0
1,2005,21,2100,22.58,99.8,.001,0,-6999,684.4,-6999,-6999,-.037,0,0,0,0
2,2005,21,2100,0
2,2005,21,2110,0
2,2005,21,2120,0
1,2005,21,2130,22.2,101,.001,0,-6999,684.5,-6999,-6999,-.037,0,0,0,0
2,2005,21,2130,0
2,2005,21,2140,0
2,2005,21,2150,0
1,2005,21,2200,21.96,101.5,0,0,-6999,684.6,-6999,-6999,-.037,0,0,0,0
2,2005,21,2200,0
2,2005,21,2210,0
2,2005,21,2220,0
1,2005,21,2230,21.91,101.3,0,0,-6999,684.8,-6999,-6999,-.037,0,0,0,0
2,2005,21,2230,0
2,2005,21,2240,0
2,2005,21,2250,0
1,2005,21,2300,21.95,100.2,0,0,-6999,684.9,-6999,-6999,-.037,0,0,0,0
2,2005,21,2300,0
2,2005,21,2310,0
2,2005,21,2320,0
1,2005,21,2330,21.82,100,0,0,-6999,684.8,-6999,-6999,-.037,0,0,0,0
2,2005,21,2330,0
2,2005,21,2340,0
2,2005,21,2350,0
1,2005,21,2400,21.8,100.7,0,0,-6999,684.9,-6999,-6999,-.037,0,0,0,0
2,2005,21,2400,0
3,2005,21,2400,25.8,19.26,22.07,102.9,348,73.3,1509,95.4,3.765,1136,-6999,0,-6999,5.7
2,2005,22,10,0
2,2005,22,20,0
1,2005,22,30,21.85,101,0,0,-6999,684.8,-6999,-6999,-.037,0,0,0,0
2,2005,22,30,0
2,2005,22,40,0
2,2005,22,50,0
1,2005,22,100,21.77,101.4,.006,0,-6999,684.7,-6999,-6999,-.037,0,0,0,0
2,2005,22,100,0
2,2005,22,110,0
2,2005,22,120,0
1,2005,22,130,21.65,101.8,0,0,-6999,684.5,-6999,-6999,-.037,0,0,0,0
2,2005,22,130,0
2,2005,22,140,0
2,2005,22,150,0
1,2005,22,200,21.55,101.6,.002,0,-6999,684.5,-6999,-6999,-.037,0,0,0,0
2,2005,22,200,0
2,2005,22,210,0
2,2005,22,220,0
1,2005,22,230,21.52,101.4,.002,0,-6999,684.4,-6999,-6999,-.037,0,0,0,0
2,2005,22,230,0
2,2005,22,240,0
2,2005,22,250,0
1,2005,22,300,21.36,101.4,.001,0,-6999,684.2,-6999,-6999,-.037,0,0,0,0
2,2005,22,300,0
2,2005,22,310,0
2,2005,22,320,0
1,2005,22,330,21.19,101.6,.003,0,-6999,684.3,-6999,-6999,-.037,0,0,0,0
2,2005,22,330,0
2,2005,22,340,0
2,2005,22,350,0
1,2005,22,400,21.07,102,0,0,-6999,684.3,-6999,-6999,-.037,0,0,0,0
2,2005,22,400,0
2,2005,22,410,0
2,2005,22,420,0
1,2005,22,430,21.01,101.9,.005,0,-6999,684.5,-6999,-6999,-.037,0,0,0,0
2,2005,22,430,0
2,2005,22,440,0
2,2005,22,450,0
1,2005,22,500,20.99,100.9,.012,0,-6999,684.7,-6999,-6999,-.037,0,0,0,0
2,2005,22,500,0
2,2005,22,510,0
2,2005,22,520,0
1,2005,22,530,21.07,98.6,.002,0,-6999,684.9,-6999,-6999,-.037,0,0,0,0
2,2005,22,530,0
2,2005,22,540,0
2,2005,22,550,0
1,2005,22,600,21.22,96.9,4.011,0,-6999,685.2,-6999,-6999,-.037,0,0,0,0
2,2005,22,600,0
2,2005,22,610,0
2,2005,22,620,0
1,2005,22,630,21.29,96.6,38.97,0,-6999,685.4,-6999,-6999,-.037,0,0,0,0
2,2005,22,630,0
2,2005,22,640,0
2,2005,22,650,0
1,2005,22,700,21.5,95.6,52.16,0,-6999,685.8,-6999,-6999,-.037,0,0,0,0
2,2005,22,700,0
2,2005,22,710,0
2,2005,22,720,0
1,2005,22,730,21.6,96,81,0,-6999,686,-6999,-6999,-.037,0,0,0,0
2,2005,22,730,0
2,2005,22,740,0
2,2005,22,750,0
1,2005,22,800,21.53,95.8,60.57,0,-6999,686.2,-6999,-6999,-.037,0,0,0,0
2,2005,22,800,0
2,2005,22,810,0
2,2005,22,820,0
1,2005,22,830,21.43,97.1,96.4,0,-6999,686.5,-6999,-6999,-.037,0,0,0,0
2,2005,22,830,0
2,2005,22,840,0
2,2005,22,850,0
1,2005,22,900,21.33,96.1,115.3,0,-6999,686.7,-6999,-6999,-.037,0,0,0,0
2,2005,22,900,0
2,2005,22,910,0
2,2005,22,920,0
1,2005,22,930,21.13,95.5,200.6,0,-6999,686.8,-6999,-6999,-.037,0,0,0,0
2,2005,22,930,0
2,2005,22,940,0
2,2005,22,950,0
1,2005,22,1000,21.83,92.9,313,0,-6999,686.9,-6999,-6999,-.037,0,0,0,0
2,2005,22,1000,0
2,2005,22,1010,0
2,2005,22,1020,0
1,2005,22,1030,22.11,91.4,306.2,0,-6999,687.1,-6999,-6999,-.037,0,0,0,0
2,2005,22,1030,0
2,2005,22,1040,0
2,2005,22,1050,0
1,2005,22,1100,22.4,90.8,449.5,0,-6999,687,-6999,-6999,-.037,0,0,0,0
2,2005,22,1100,0
2,2005,22,1110,0
2,2005,22,1120,0
1,2005,22,1130,23.36,87.8,554.2,0,-6999,686.7,-6999,-6999,-.037,0,0,0,0
2,2005,22,1130,0
2,2005,22,1140,0
2,2005,22,1150,0
1,2005,22,1200,24.62,78.8,571.5,0,-6999,686.4,-6999,-6999,-.037,0,0,0,0
2,2005,22,1200,0
2,2005,22,1210,0
2,2005,22,1220,0
1,2005,22,1230,25.99,72.4,744,0,-6999,686.2,-6999,-6999,-.037,0,0,0,0
2,2005,22,1230,0
2,2005,22,1240,0
2,2005,22,1250,0
1,2005,22,1300,27.17,68.06,854,0,-6999,685.9,-6999,-6999,-.037,0,0,0,0
2,2005,22,1300,0
2,2005,22,1310,0
2,2005,22,1320,0
1,2005,22,1330,27.42,66.85,834,0,-6999,685.7,-6999,-6999,-.037,0,0,0,0
2,2005,22,1330,0
2,2005,22,1340,0
2,2005,22,1350,0
1,2005,22,1400,27.74,65.26,900,0,-6999,685.5,-6999,-6999,-.037,0,0,0,0
2,2005,22,1400,0
2,2005,22,1410,0
2,2005,22,1420,0
1,2005,22,1430,27.25,66.32,510.2,0,-6999,685.2,-6999,-6999,-.037,0,0,0,0
2,2005,22,1430,0
2,2005,22,1440,0
2,2005,22,1450,0
1,2005,22,1500,26.74,67.53,370.6,0,-6999,685.1,-6999,-6999,-.037,0,0,0,0
2,2005,22,1500,0
2,2005,22,1510,0
2,2005,22,1520,0
1,2005,22,1530,27.18,65.29,660,0,-6999,684.8,-6999,-6999,-.037,0,0,0,0
2,2005,22,1530,0
2,2005,22,1540,0
2,2005,22,1550,0
1,2005,22,1600,27.32,63.71,412,0,-6999,684.8,-6999,-6999,-.037,0,0,0,0
2,2005,22,1600,0
2,2005,22,1610,0
2,2005,22,1620,0
1,2005,22,1630,26.12,69.26,79.4,0,-6999,684.6,-6999,-6999,-.037,0,0,0,0
2,2005,22,1630,0
2,2005,22,1640,0
2,2005,22,1650,0
1,2005,22,1700,25.88,72.5,90.2,0,-6999,684.3,-6999,-6999,-.037,0,0,0,0
2,2005,22,1700,0
2,2005,22,1710,0
2,2005,22,1720,0
1,2005,22,1730,25.43,76.8,83.7,0,-6999,684.2,-6999,-6999,-.037,0,0,0,0
2,2005,22,1730,0
2,2005,22,1740,0
2,2005,22,1750,0
1,2005,22,1800,25.13,76.9,64.24,0,-6999,684.3,-6999,-6999,-.037,0,0,0,0
2,2005,22,1800,0
2,2005,22,1810,0
2,2005,22,1820,0
1,2005,22,1830,24.42,85.9,43.97,0,-6999,684.4,-6999,-6999,-.037,0,0,0,0
2,2005,22,1830,0
2,2005,22,1840,0
2,2005,22,1850,0
1,2005,22,1900,23.74,91,12.5,0,-6999,684.5,-6999,-6999,-.037,0,0,0,0
2,2005,22,1900,0
2,2005,22,1910,0
2,2005,22,1920,0
1,2005,22,1930,23.05,93.4,.422,0,-6999,684.9,-6999,-6999,-.037,0,0,0,0
2,2005,22,1930,0
2,2005,22,1940,0
2,2005,22,1950,0
1,2005,22,2000,22.26,97.6,0,0,-6999,685.1,-6999,-6999,-.037,0,0,0,0
2,2005,22,2000,0
2,2005,22,2010,0
2,2005,22,2020,0
1,2005,22,2030,22.03,98.3,0,0,-6999,685.3,-6999,-6999,-.037,0,0,0,0
2,2005,22,2030,0
2,2005,22,2040,0
2,2005,22,2050,0
1,2005,22,2100,21.88,98.6,0,0,-6999,685.6,-6999,-6999,-.037,0,0,0,0
2,2005,22,2100,0
2,2005,22,2110,0
2,2005,22,2120,0
1,2005,22,2130,21.64,99.5,.001,0,-6999,685.9,-6999,-6999,-.037,0,0,0,0
2,2005,22,2130,0
2,2005,22,2140,0
2,2005,22,2150,0
1,2005,22,2200,21.5,99.4,0,0,-6999,686.3,-6999,-6999,-.037,0,0,0,0
2,2005,22,2200,0
2,2005,22,2210,0
2,2005,22,2220,0
1,2005,22,2230,21.31,99,0,0,-6999,686.4,-6999,-6999,-.037,0,0,0,0
2,2005,22,2230,0
2,2005,22,2240,0
2,2005,22,2250,0
1,2005,22,2300,21.28,98.1,0,0,-6999,686.2,-6999,-6999,-.037,0,0,0,0
2,2005,22,2300,0
2,2005,22,2310,0
2,2005,22,2320,0
1,2005,22,2330,21.23,96.8,.001,0,-6999,686,-6999,-6999,-.037,0,0,0,0
2,2005,22,2330,0
2,2005,22,2340,0
2,2005,22,2350,0
1,2005,22,2400,20.99,97.5,0,0,-6999,685.8,-6999,-6999,-.037,0,0,0,0
2,2005,22,2400,0
3,2005,22,2400,28.06,20.82,23.02,102.1,357,59.97,1538,89.8,-6999,0,-6999,0,-6999,0
2,2005,23,10,0
2,2005,23,20,0
1,2005,23,30,20.73,98.6,0,0,-6999,685.5,-6999,-6999,-.037,0,0,0,0
2,2005,23,30,0
2,2005,23,40,0
2,2005,23,50,0
1,2005,23,100,20.57,99.3,.001,0,-6999,685.4,-6999,-6999,-.037,0,0,0,0
2,2005,23,100,0
2,2005,23,110,0
2,2005,23,120,0
1,2005,23,130,20.7,98.9,0,0,-6999,685.2,-6999,-6999,-.037,0,0,0,0
2,2005,23,130,0
2,2005,23,140,0
2,2005,23,150,0
1,2005,23,200,20.67,98.6,0,0,-6999,685,-6999,-6999,-.037,0,0,0,0
2,2005,23,200,0
2,2005,23,210,0
2,2005,23,220,0
1,2005,23,230,20.97,96.4,0,0,-6999,684.8,-6999,-6999,-.037,0,0,0,0
2,2005,23,230,0
2,2005,23,240,0
2,2005,23,250,0
1,2005,23,300,20.97,96,.001,0,-6999,684.7,-6999,-6999,-.037,0,0,0,0
2,2005,23,300,0
2,2005,23,310,0
2,2005,23,320,0
1,2005,23,330,21.18,94.3,0,0,-6999,684.7,-6999,-6999,-.037,0,0,0,0
2,2005,23,330,0
2,2005,23,340,0
2,2005,23,350,0
1,2005,23,400,21.4,92.8,0,0,-6999,684.7,-6999,-6999,-.037,0,0,0,0
2,2005,23,400,0
2,2005,23,410,0
2,2005,23,420,0
1,2005,23,430,21.4,92.7,0,0,-6999,684.7,-6999,-6999,-.037,0,0,0,0
2,2005,23,430,0
2,2005,23,440,0
2,2005,23,450,0
1,2005,23,500,21.21,93.9,.001,0,-6999,684.7,-6999,-6999,-.037,0,0,0,0
2,2005,23,500,0
2,2005,23,510,0
2,2005,23,520,0
1,2005,23,530,21.31,93.2,.003,0,-6999,684.8,-6999,-6999,-.037,0,0,0,0
2,2005,23,530,0
2,2005,23,540,0
2,2005,23,550,0
1,2005,23,600,20.93,95.4,2.619,0,-6999,684.9,-6999,-6999,-.037,0,0,0,0
2,2005,23,600,0
2,2005,23,610,0
2,2005,23,620,0
1,2005,23,630,21.09,95.5,23.04,0,-6999,685.1,-6999,-6999,-.037,0,0,0,0
2,2005,23,630,0
2,2005,23,640,0
2,2005,23,650,0
1,2005,23,700,21.49,93.5,87,0,-6999,685.4,-6999,-6999,-.037,0,0,0,0
2,2005,23,700,0
2,2005,23,710,0
2,2005,23,720,0
1,2005,23,730,22.05,91.5,226.5,0,-6999,685.4,-6999,-6999,-.037,0,0,0,0
2,2005,23,730,0
2,2005,23,740,0
2,2005,23,750,0
1,2005,23,800,23.17,88.4,276.8,0,-6999,685.5,-6999,-6999,-.037,0,0,0,0
2,2005,23,800,0
2,2005,23,810,0
2,2005,23,820,0
1,2005,23,830,24.07,83.8,447.9,0,-6999,685.5,-6999,-6999,-.037,0,0,0,0
2,2005,23,830,0
2,2005,23,840,0
2,2005,23,850,0
1,2005,23,900,24.87,80.1,567.6,0,-6999,685.6,-6999,-6999,-.037,0,0,0,0
2,2005,23,900,0
2,2005,23,910,0
2,2005,23,920,0
1,2005,23,930,25.4,78.8,656.1,0,-6999,685.7,-6999,-6999,-.037,0,0,0,0
2,2005,23,930,0
2,2005,23,940,0
2,2005,23,950,0
1,2005,23,1000,25.88,77.6,752,0,-6999,685.7,-6999,-6999,-.037,0,0,0,0
2,2005,23,1000,0
2,2005,23,1010,0
2,2005,23,1020,0
1,2005,23,1030,26.5,73.9,772,0,-6999,685.7,-6999,-6999,-.037,0,0,0,0
2,2005,23,1030,0
2,2005,23,1040,0
2,2005,23,1050,0
1,2005,23,1100,27,70.4,808,0,-6999,685.5,-6999,-6999,-.037,0,0,0,0
2,2005,23,1100,0
2,2005,23,1110,0
2,2005,23,1120,0
1,2005,23,1130,27.39,67.81,635.4,0,-6999,685.3,-6999,-6999,-.037,0,0,0,0
2,2005,23,1130,0
2,2005,23,1140,0
2,2005,23,1150,0
1,2005,23,1200,27.82,65.98,824,0,-6999,685,-6999,-6999,-.037,0,0,0,0
2,2005,23,1200,0
2,2005,23,1210,0
2,2005,23,1220,0
1,2005,23,1230,27.48,69.68,273.4,0,-6999,684.8,-6999,-6999,-.037,0,0,0,0
2,2005,23,1230,0
2,2005,23,1240,0
2,2005,23,1250,0
1,2005,23,1300,25.52,78.6,166,0,-6999,684.5,-6999,-6999,-.037,0,0,0,0
2,2005,23,1300,0
2,2005,23,1310,0
2,2005,23,1320,0
1,2005,23,1330,25.2,80.6,171.8,0,-6999,684.5,-6999,-6999,-.037,0,0,0,0
2,2005,23,1330,0
2,2005,23,1340,0
2,2005,23,1350,0
1,2005,23,1400,24.35,80.6,66.02,0,-6999,684.5,-6999,-6999,-.037,0,0,0,0
2,2005,23,1400,0
2,2005,23,1410,0
2,2005,23,1420,0
1,2005,23,1430,22.9,85,46.5,0,-6999,684.6,-6999,-6999,-.037,0,0,0,0
2,2005,23,1430,0
2,2005,23,1440,0
2,2005,23,1450,0
1,2005,23,1500,22.21,91.1,44.91,0,-6999,684.2,-6999,-6999,-.037,0,0,0,0
2,2005,23,1500,0
2,2005,23,1510,0
2,2005,23,1520,0
1,2005,23,1530,22.29,94.7,85.7,0,-6999,683.8,-6999,-6999,-.037,0,0,0,0
2,2005,23,1530,0
2,2005,23,1540,0
2,2005,23,1550,0
1,2005,23,1600,23.51,90.4,178.8,0,-6999,683.6,-6999,-6999,-.037,0,0,0,0
2,2005,23,1600,.1
2,2005,23,1610,0
2,2005,23,1620,0
1,2005,23,1630,24.02,90.2,161.4,0,-6999,683.1,-6999,-6999,-.037,0,0,0,0
2,2005,23,1630,0
2,2005,23,1640,0
2,2005,23,1650,0
1,2005,23,1700,23.38,95.2,109,0,-6999,682.8,-6999,-6999,-.037,0,0,0,0
2,2005,23,1700,0
2,2005,23,1710,0
2,2005,23,1720,0
1,2005,23,1730,22.67,97.9,70.7,0,-6999,682.6,-6999,-6999,-.037,0,0,0,0
2,2005,23,1730,0
2,2005,23,1740,0
2,2005,23,1750,0
1,2005,23,1800,22.89,97.4,124.8,0,-6999,682.4,-6999,-6999,-.037,0,0,0,0
2,2005,23,1800,0
2,2005,23,1810,0
2,2005,23,1820,0
1,2005,23,1830,23.1,95.1,28.29,0,-6999,682.4,-6999,-6999,-.037,0,0,0,0
2,2005,23,1830,0
2,2005,23,1840,0
2,2005,23,1850,0
1,2005,23,1900,22.35,96.9,15.11,0,-6999,682.5,-6999,-6999,-.037,0,0,0,0
2,2005,23,1900,0
2,2005,23,1910,0
2,2005,23,1920,0
1,2005,23,1930,21.74,99.2,1,0,-6999,682.6,-6999,-6999,-.037,0,0,0,0
2,2005,23,1930,0
2,2005,23,1940,0
2,2005,23,1950,0
1,2005,23,2000,21.43,100.2,.006,0,-6999,683,-6999,-6999,-.037,0,0,0,0
2,2005,23,2000,0
2,2005,23,2010,0
2,2005,23,2020,0
1,2005,23,2030,21.26,98.5,.005,0,-6999,683.3,-6999,-6999,-.037,0,0,0,0
2,2005,23,2030,0
2,2005,23,2040,0
2,2005,23,2050,0
1,2005,23,2100,21.08,98.5,.011,0,-6999,683.9,-6999,-6999,-.037,0,0,0,0
2,2005,23,2100,0
2,2005,23,2110,0
2,2005,23,2120,0
1,2005,23,2130,20.94,98.9,.018,0,-6999,684.4,-6999,-6999,-.037,0,0,0,0
2,2005,23,2130,0
2,2005,23,2140,0
2,2005,23,2150,0
1,2005,23,2200,20.95,98.1,.017,0,-6999,684.6,-6999,-6999,-.037,0,0,0,0
2,2005,23,2200,0
2,2005,23,2210,0
2,2005,23,2220,0
1,2005,23,2230,21.08,96.2,.045,0,-6999,684.4,-6999,-6999,-.037,0,0,0,0
2,2005,23,2230,0
2,2005,23,2240,0
2,2005,23,2250,0
1,2005,23,2300,21.21,92.8,.025,0,-6999,684,-6999,-6999,-.037,0,0,0,0
2,2005,23,2300,0
2,2005,23,2310,0
2,2005,23,2320,0
1,2005,23,2330,20.91,92.9,.037,0,-6999,684,-6999,-6999,-.037,0,0,0,0
2,2005,23,2330,0
2,2005,23,2340,0
2,2005,23,2350,0
1,2005,23,2400,20.91,93.1,.003,0,-6999,683.9,-6999,-6999,-.037,0,0,0,0
2,2005,23,2400,0
3,2005,23,2400,28.39,20.48,22.75,100.7,1950,60.73,1149,90.2,-6999,0,-6999,0,-6999,.1
2,2005,24,10,0
2,2005,24,20,0
1,2005,24,30,20.91,90.4,.001,0,-6999,683.7,-6999,-6999,-.037,0,0,0,0
2,2005,24,30,0
2,2005,24,40,0
2,2005,24,50,0
1,2005,24,100,20.77,90.8,.009,0,-6999,683.6,-6999,-6999,-.037,0,0,0,0
2,2005,24,100,0
2,2005,24,110,0
2,2005,24,120,0
1,2005,24,130,20.5,95.3,.005,0,-6999,683.6,-6999,-6999,-.037,0,0,0,0
2,2005,24,130,0
2,2005,24,140,0
2,2005,24,150,0
1,2005,24,200,20.1,96.7,.045,0,-6999,683.4,-6999,-6999,-.037,0,0,0,0
2,2005,24,200,0
2,2005,24,210,0
2,2005,24,220,0
1,2005,24,230,20.2,95.5,.027,0,-6999,683.1,-6999,-6999,-.037,0,0,0,0
2,2005,24,230,0
2,2005,24,240,0
2,2005,24,250,0
1,2005,24,300,21.01,91.4,.01,0,-6999,683.1,-6999,-6999,-.037,0,0,0,0
2,2005,24,300,0
2,2005,24,310,0
2,2005,24,320,0
1,2005,24,330,20.64,93.6,.029,0,-6999,683.1,-6999,-6999,-.037,0,0,0,0
2,2005,24,330,0
2,2005,24,340,0
2,2005,24,350,0
1,2005,24,400,20.59,95.3,.009,0,-6999,683,-6999,-6999,-.037,0,0,0,0
2,2005,24,400,0
2,2005,24,410,0
2,2005,24,420,0
1,2005,24,430,20.82,94.3,0,0,-6999,682.9,-6999,-6999,-.037,0,0,0,0
2,2005,24,430,0
2,2005,24,440,0
2,2005,24,450,0
1,2005,24,500,20.68,95.5,.01,0,-6999,682.8,-6999,-6999,-.037,0,0,0,0
2,2005,24,500,0
2,2005,24,510,0
2,2005,24,520,0
1,2005,24,530,20.81,96.3,.026,0,-6999,682.9,-6999,-6999,-.037,0,0,0,0
2,2005,24,530,0
2,2005,24,540,0
2,2005,24,550,0
1,2005,24,600,20.84,96.6,5.621,0,-6999,683.1,-6999,-6999,-.037,0,0,0,0
2,2005,24,600,0
2,2005,24,610,0
2,2005,24,620,0
1,2005,24,630,21.11,97.5,68.99,0,-6999,683.5,-6999,-6999,-.037,0,0,0,0
2,2005,24,630,0
2,2005,24,640,0
2,2005,24,650,0
1,2005,24,700,21.77,95.6,183.6,0,-6999,683.7,-6999,-6999,-.037,0,0,0,0
2,2005,24,700,0
2,2005,24,710,0
2,2005,24,720,0
1,2005,24,730,23.09,91.6,342.4,0,-6999,683.9,-6999,-6999,-.037,0,0,0,0
2,2005,24,730,0
2,2005,24,740,0
2,2005,24,750,0
1,2005,24,800,23.34,92.7,180.1,0,-6999,684.1,-6999,-6999,-.037,0,0,0,0
2,2005,24,800,0
2,2005,24,810,0
2,2005,24,820,0
1,2005,24,830,22.01,96.9,111.9,0,-6999,684.5,-6999,-6999,-.037,0,0,0,0
2,2005,24,830,0
2,2005,24,840,0
2,2005,24,850,0
1,2005,24,900,21.82,98.3,340.4,0,-6999,684.6,-6999,-6999,-.037,0,0,0,0
2,2005,24,900,0
2,2005,24,910,0
2,2005,24,920,0
1,2005,24,930,23.31,89.8,662.5,0,-6999,684.6,-6999,-6999,-.037,0,0,0,0
2,2005,24,930,0
2,2005,24,940,0
2,2005,24,950,0
1,2005,24,1000,23.84,86.4,500.8,0,-6999,684.7,-6999,-6999,-.037,0,0,0,0
2,2005,24,1000,0
2,2005,24,1010,0
2,2005,24,1020,0
1,2005,24,1030,24.35,84.6,425.2,0,-6999,684.5,-6999,-6999,-.037,0,0,0,0
2,2005,24,1030,0
2,2005,24,1040,0
2,2005,24,1050,0
1,2005,24,1100,24.86,81.6,770,0,-6999,684.2,-6999,-6999,-.037,0,0,0,0
2,2005,24,1100,0
2,2005,24,1110,0
2,2005,24,1120,0
1,2005,24,1130,26.09,74.7,912,0,-6999,684,-6999,-6999,-.037,0,0,0,0
2,2005,24,1130,0
2,2005,24,1140,0
2,2005,24,1150,0
1,2005,24,1200,26.27,74,698.1,0,-6999,683.7,-6999,-6999,-.037,0,0,0,0
2,2005,24,1200,0
2,2005,24,1210,0
2,2005,24,1220,0
1,2005,24,1230,26.7,72.8,804,0,-6999,683.4,-6999,-6999,-.037,0,0,0,0
2,2005,24,1230,0
2,2005,24,1240,0
2,2005,24,1250,0
1,2005,24,1300,26.83,71.3,731,0,-6999,683.2,-6999,-6999,-.037,0,0,0,0
2,2005,24,1300,0
2,2005,24,1310,0
2,2005,24,1320,0
1,2005,24,1330,27.08,69.41,766,0,-6999,682.9,-6999,-6999,-.037,0,0,0,0
2,2005,24,1330,0
2,2005,24,1340,0
2,2005,24,1350,0
1,2005,24,1400,27.19,71.3,566.5,0,-6999,682.6,-6999,-6999,-.037,0,0,0,0
2,2005,24,1400,0
2,2005,24,1410,0
2,2005,24,1420,0
1,2005,24,1430,27.26,72,649.7,0,-6999,682.3,-6999,-6999,-.037,0,0,0,0
2,2005,24,1430,0
2,2005,24,1440,0
2,2005,24,1450,0
1,2005,24,1500,27.55,68.08,702,0,-6999,681.8,-6999,-6999,-.037,0,0,0,0
2,2005,24,1500,0
2,2005,24,1510,0
2,2005,24,1520,0
1,2005,24,1530,27.95,62.32,609.5,0,-6999,681.4,-6999,-6999,-.037,0,0,0,0
2,2005,24,1530,0
2,2005,24,1540,0
2,2005,24,1550,0
1,2005,24,1600,27.94,61.23,533.8,0,-6999,680.9,-6999,-6999,-.037,0,0,0,0
2,2005,24,1600,0
2,2005,24,1610,0
2,2005,24,1620,0
1,2005,24,1630,28.02,61.1,571.5,0,-6999,680.6,-6999,-6999,-.037,0,0,0,0
2,2005,24,1630,0
2,2005,24,1640,0
2,2005,24,1650,0
1,2005,24,1700,27.56,63.63,219.8,0,-6999,680.6,-6999,-6999,-.037,0,0,0,0
2,2005,24,1700,0
2,2005,24,1710,0
2,2005,24,1720,0
1,2005,24,1730,27.41,64.15,293.7,0,-6999,680.4,-6999,-6999,-.037,0,0,0,0
2,2005,24,1730,0
2,2005,24,1740,0
2,2005,24,1750,0
1,2005,24,1800,27.26,65.51,235.8,0,-6999,680.3,-6999,-6999,-.037,0,0,0,0
2,2005,24,1800,0
2,2005,24,1810,0
2,2005,24,1820,0
1,2005,24,1830,26.93,67.61,100.2,0,-6999,680.3,-6999,-6999,-.037,0,0,0,0
2,2005,24,1830,0
2,2005,24,1840,0
2,2005,24,1850,0
1,2005,24,1900,26.2,70.1,26.83,0,-6999,680.6,-6999,-6999,-.037,0,0,0,0
2,2005,24,1900,0
2,2005,24,1910,0
2,2005,24,1920,0
1,2005,24,1930,25.56,73.4,.463,0,-6999,681.1,-6999,-6999,-.037,0,0,0,0
2,2005,24,1930,0
2,2005,24,1940,0
2,2005,24,1950,0
1,2005,24,2000,25.03,77.9,0,0,-6999,681.4,-6999,-6999,-.037,0,0,0,0
2,2005,24,2000,0
2,2005,24,2010,0
2,2005,24,2020,0
1,2005,24,2030,24.56,80.9,0,0,-6999,681.6,-6999,-6999,-.037,0,0,0,0
2,2005,24,2030,0
2,2005,24,2040,0
2,2005,24,2050,0
1,2005,24,2100,24.24,81.6,0,0,-6999,681.8,-6999,-6999,-.037,0,0,0,0
2,2005,24,2100,0
2,2005,24,2110,0
2,2005,24,2120,0
1,2005,24,2130,24.03,82.3,0,0,-6999,682,-6999,-6999,-.037,0,0,0,0
2,2005,24,2130,0
2,2005,24,2140,0
2,2005,24,2150,0
1,2005,24,2200,23.89,81.2,0,0,-6999,682.2,-6999,-6999,-.037,0,0,0,0
2,2005,24,2200,0
2,2005,24,2210,0
2,2005,24,2220,0
1,2005,24,2230,23.82,79.8,0,0,-6999,682.3,-6999,-6999,-.037,0,0,0,0
2,2005,24,2230,0
2,2005,24,2240,0
2,2005,24,2250,0
1,2005,24,2300,23.79,79.9,0,0,-6999,682.4,-6999,-6999,-.037,0,0,0,0
2,2005,24,2300,0
2,2005,24,2310,0
2,2005,24,2320,0
1,2005,24,2330,23.34,83.3,0,0,-6999,682.3,-6999,-6999,-.037,0,0,0,0
2,2005,24,2330,0
2,2005,24,2340,0
2,2005,24,2350,0
1,2005,24,2400,22.53,89,0,0,-6999,682,-6999,-6999,-.037,0,0,0,0
2,2005,24,2400,0
3,2005,24,2400,28.65,19.95,24.01,100.1,829,57.39,1541,82.2,-6999,0,-6999,0,-6999,0
2,2005,25,10,0
2,2005,25,20,0
1,2005,25,30,22.41,90.6,0,0,-6999,681.8,-6999,-6999,-.037,0,0,0,0
2,2005,25,30,0
2,2005,25,40,0
2,2005,25,50,0
1,2005,25,100,22.58,87.7,0,0,-6999,681.6,-6999,-6999,-.037,0,0,0,0
2,2005,25,100,0
2,2005,25,110,0
2,2005,25,120,0
1,2005,25,130,22.49,87.6,0,0,-6999,681.4,-6999,-6999,-.037,0,0,0,0
2,2005,25,130,0
2,2005,25,140,0
2,2005,25,150,0
1,2005,25,200,21.81,93.1,0,0,-6999,681.2,-6999,-6999,-.037,0,0,0,0
2,2005,25,200,0
2,2005,25,210,0
2,2005,25,220,0
1,2005,25,230,21.81,92.9,0,0,-6999,681,-6999,-6999,-.037,0,0,0,0
2,2005,25,230,0
2,2005,25,240,0
2,2005,25,250,0
1,2005,25,300,21.66,94.2,0,0,-6999,681,-6999,-6999,-.037,0,0,0,0
2,2005,25,300,0
2,2005,25,310,0
2,2005,25,320,0
1,2005,25,330,21.4,97.7,0,0,-6999,681,-6999,-6999,-.037,0,0,0,0
2,2005,25,330,0
2,2005,25,340,0
2,2005,25,350,0
1,2005,25,400,21.15,99.5,0,0,-6999,680.7,-6999,-6999,-.037,0,0,0,0
2,2005,25,400,0
2,2005,25,410,0
2,2005,25,420,0
1,2005,25,430,20.84,100.6,0,0,-6999,680.7,-6999,-6999,-.037,0,0,0,0
2,2005,25,430,0
2,2005,25,440,0
2,2005,25,450,0
1,2005,25,500,20.8,101.1,0,0,-6999,680.6,-6999,-6999,-.037,0,0,0,0
2,2005,25,500,0
2,2005,25,510,0
2,2005,25,520,0
1,2005,25,530,20.65,101.7,0,0,-6999,680.7,-6999,-6999,-.037,0,0,0,0
2,2005,25,530,0
2,2005,25,540,0
2,2005,25,550,0
1,2005,25,600,20.58,101.4,.506,0,-6999,680.7,-6999,-6999,-.037,0,0,0,0
2,2005,25,600,0
2,2005,25,610,0
2,2005,25,620,0
1,2005,25,630,20.66,101,10.46,0,-6999,681,-6999,-6999,-.037,0,0,0,0
2,2005,25,630,0
2,2005,25,640,0
2,2005,25,650,0
1,2005,25,700,20.74,100.6,17.45,0,-6999,681.2,-6999,-6999,-.037,0,0,0,0
2,2005,25,700,0
2,2005,25,710,0
2,2005,25,720,0
1,2005,25,730,20.76,100.5,22.42,0,-6999,681.5,-6999,-6999,-.037,0,0,0,0
2,2005,25,730,0
2,2005,25,740,0
2,2005,25,750,0
1,2005,25,800,20.87,100.5,49.31,0,-6999,681.7,-6999,-6999,-.037,0,0,0,0
2,2005,25,800,0
2,2005,25,810,0
2,2005,25,820,0
1,2005,25,830,20.92,101.2,80.4,0,-6999,681.8,-6999,-6999,-.037,0,0,0,0
2,2005,25,830,0
2,2005,25,840,0
2,2005,25,850,0
1,2005,25,900,21.17,101,104.4,0,-6999,682,-6999,-6999,-.037,0,0,0,0
2,2005,25,900,0
2,2005,25,910,0
2,2005,25,920,0
1,2005,25,930,22.08,97.7,208.9,0,-6999,682.1,-6999,-6999,-.037,0,0,0,0
2,2005,25,930,0
2,2005,25,940,0
2,2005,25,950,0
1,2005,25,1000,22.67,94.4,262.3,0,-6999,682,-6999,-6999,-.037,0,0,0,0
2,2005,25,1000,0
2,2005,25,1010,0
2,2005,25,1020,0
1,2005,25,1030,23.81,87.8,531.5,0,-6999,681.9,-6999,-6999,-.037,0,0,0,0
2,2005,25,1030,0
2,2005,25,1040,0
2,2005,25,1050,0
1,2005,25,1100,24.55,84.1,474.5,0,-6999,681.8,-6999,-6999,-.037,0,0,0,0
2,2005,25,1100,0
2,2005,25,1110,0
2,2005,25,1120,0
1,2005,25,1130,24.58,83.5,600.4,0,-6999,681.8,-6999,-6999,-.037,0,0,0,0
2,2005,25,1130,0
2,2005,25,1140,0
2,2005,25,1150,0
1,2005,25,1200,25.1,80,715,0,-6999,681.6,-6999,-6999,-.037,0,0,0,0
2,2005,25,1200,0
2,2005,25,1210,0
2,2005,25,1220,0
1,2005,25,1230,25.7,77.1,485.4,0,-6999,681.3,-6999,-6999,-.037,0,0,0,0
2,2005,25,1230,0
2,2005,25,1240,0
2,2005,25,1250,0
1,2005,25,1300,26.45,72.9,546.9,0,-6999,680.8,-6999,-6999,-.037,0,0,0,0
2,2005,25,1300,0
2,2005,25,1310,.2
2,2005,25,1320,0
1,2005,25,1330,24.69,85.9,308.1,0,-6999,680.7,-6999,-6999,-.037,0,0,0,0
2,2005,25,1330,.2
2,2005,25,1340,.1
2,2005,25,1350,0
1,2005,25,1400,23.13,93.4,214.1,0,-6999,680.4,-6999,-6999,-.037,0,0,0,0
2,2005,25,1400,0
2,2005,25,1410,0
2,2005,25,1420,0
1,2005,25,1430,24.31,90.8,268.6,0,-6999,680.3,-6999,-6999,-.037,0,0,0,0
2,2005,25,1430,.3
2,2005,25,1440,.3
2,2005,25,1450,0
1,2005,25,1500,23.72,93.4,344.1,0,-6999,680.1,-6999,-6999,-.037,0,0,0,0
2,2005,25,1500,0
2,2005,25,1510,0
2,2005,25,1520,0
1,2005,25,1530,25.09,80,452.1,0,-6999,679.7,-6999,-6999,-.037,0,0,0,0
2,2005,25,1530,0
2,2005,25,1540,0
2,2005,25,1550,0
1,2005,25,1600,25.23,80.5,272,0,-6999,679.5,-6999,-6999,-.037,0,0,0,0
2,2005,25,1600,0
2,2005,25,1610,0
2,2005,25,1620,0
1,2005,25,1630,25.61,80.1,250.2,0,-6999,679.5,-6999,-6999,-.037,0,0,0,0
2,2005,25,1630,0
2,2005,25,1640,0
2,2005,25,1650,0
1,2005,25,1700,25.99,77.1,177.8,0,-6999,679.4,-6999,-6999,-.037,0,0,0,0
2,2005,25,1700,0
2,2005,25,1710,0
2,2005,25,1720,.6
1,2005,25,1730,24.74,85.8,33.67,0,-6999,679.5,-6999,-6999,-.037,0,0,0,0
2,2005,25,1730,1.7
2,2005,25,1740,4.5
2,2005,25,1750,0
1,2005,25,1800,22.82,98.2,20.17,0,-6999,679.8,-6999,-6999,-.037,0,0,0,0
2,2005,25,1800,.1
2,2005,25,1810,0
2,2005,25,1820,.2
1,2005,25,1830,22.53,101.6,15.93,0,-6999,679.9,-6999,-6999,-.037,0,0,0,0
2,2005,25,1830,0
2,2005,25,1840,0
2,2005,25,1850,0
1,2005,25,1900,21.68,101.8,2.416,0,-6999,680.5,-6999,-6999,-.037,0,0,0,0
2,2005,25,1900,0
2,2005,25,1910,0
2,2005,25,1920,0
1,2005,25,1930,20.65,102.1,.095,0,-6999,680.9,-6999,-6999,-.037,0,0,0,0
2,2005,25,1930,0
2,2005,25,1940,.1
2,2005,25,1950,0
1,2005,25,2000,20.57,102.4,.023,0,-6999,681.1,-6999,-6999,-.037,0,0,0,0
2,2005,25,2000,0
2,2005,25,2010,0
2,2005,25,2020,0
1,2005,25,2030,20.61,102.5,.065,0,-6999,681.2,-6999,-6999,-.037,0,0,0,0
2,2005,25,2030,0
2,2005,25,2040,.1
2,2005,25,2050,2.3
1,2005,25,2100,20.6,102.5,.027,0,-6999,681.5,-6999,-6999,-.037,0,0,0,0
2,2005,25,2100,2.3
2,2005,25,2110,1.6
2,2005,25,2120,3.3
1,2005,25,2130,20.82,102.5,0,0,-6999,682,-6999,-6999,-.037,0,0,0,0
2,2005,25,2130,1.5
2,2005,25,2140,.5
2,2005,25,2150,.2
1,2005,25,2200,20.6,102.5,0,0,-6999,682.2,-6999,-6999,-.037,0,0,0,0
2,2005,25,2200,.3
2,2005,25,2210,.5
2,2005,25,2220,1.1
1,2005,25,2230,20.55,102.6,0,0,-6999,682.3,-6999,-6999,-.037,0,0,0,0
2,2005,25,2230,.5
2,2005,25,2240,.4
2,2005,25,2250,.4
1,2005,25,2300,20.4,102.6,0,0,-6999,682.5,-6999,-6999,-.037,0,0,0,0
2,2005,25,2300,.3
2,2005,25,2310,.6
2,2005,25,2320,.9
1,2005,25,2330,19.59,102.6,0,0,-6999,682.6,-6999,-6999,-.037,0,0,0,0
2,2005,25,2330,1
2,2005,25,2340,.9
2,2005,25,2350,1.2
1,2005,25,2400,19.09,102.7,0,0,-6999,682.5,-6999,-6999,-.037,0,0,0,0
2,2005,25,2400,.9
3,2005,25,2400,27.02,18.98,22.32,102.8,2324,68.85,1246,94.2,-6999,0,-6999,0,-6999,29.1
2,2005,26,10,.8
2,2005,26,20,.5
1,2005,26,30,19.03,102.7,0,0,-6999,682.2,-6999,-6999,-.037,0,0,0,0
2,2005,26,30,.7
2,2005,26,40,.5
2,2005,26,50,.4
1,2005,26,100,18.96,102.7,0,0,-6999,681.9,-6999,-6999,-.037,0,0,0,0
2,2005,26,100,.3
2,2005,26,110,.2
2,2005,26,120,.2
1,2005,26,130,18.16,102.5,.005,0,-6999,681.8,-6999,-6999,-.037,0,0,0,0
2,2005,26,130,.1
2,2005,26,140,.1
2,2005,26,150,.1
1,2005,26,200,17.87,102.5,.003,0,-6999,681.9,-6999,-6999,-.037,0,0,0,0
2,2005,26,200,0
2,2005,26,210,.1
2,2005,26,220,.1
1,2005,26,230,17.56,102.2,.017,0,-6999,682,-6999,-6999,-.037,0,0,0,0
2,2005,26,230,.1
2,2005,26,240,.1
2,2005,26,250,.2
1,2005,26,300,17.58,102,.033,0,-6999,682.1,-6999,-6999,-.037,0,0,0,0
2,2005,26,300,.1
2,2005,26,310,.1
2,2005,26,320,0
1,2005,26,330,17.49,102.2,.054,0,-6999,682,-6999,-6999,-.037,0,0,0,0
2,2005,26,330,.1
2,2005,26,340,0
2,2005,26,350,.1
1,2005,26,400,17.53,102.1,.071,0,-6999,682,-6999,-6999,-.037,0,0,0,0
2,2005,26,400,0
2,2005,26,410,.1
2,2005,26,420,0
1,2005,26,430,17.53,102.1,.11,0,-6999,682,-6999,-6999,-.037,0,0,0,0
2,2005,26,430,0
2,2005,26,440,0
2,2005,26,450,0
1,2005,26,500,17.61,102,.156,0,-6999,682.1,-6999,-6999,-.037,0,0,0,0
2,2005,26,500,0
2,2005,26,510,.1
2,2005,26,520,0
1,2005,26,530,17.67,101.9,.123,0,-6999,682.3,-6999,-6999,-.037,0,0,0,0
2,2005,26,530,0
2,2005,26,540,0
2,2005,26,550,0
1,2005,26,600,17.71,101.8,.723,0,-6999,682.5,-6999,-6999,-.037,0,0,0,0
2,2005,26,600,0
2,2005,26,610,0
2,2005,26,620,0
1,2005,26,630,17.71,101.6,8.67,0,-6999,682.7,-6999,-6999,-.037,0,0,0,0
2,2005,26,630,0
2,2005,26,640,0
2,2005,26,650,0
1,2005,26,700,17.7,101.5,26.86,0,-6999,683,-6999,-6999,-.037,0,0,0,0
2,2005,26,700,0
2,2005,26,710,0
2,2005,26,720,0
1,2005,26,730,17.83,100.4,42.01,0,-6999,683.3,-6999,-6999,-.037,0,0,0,0
2,2005,26,730,0
2,2005,26,740,0
2,2005,26,750,0
1,2005,26,800,17.72,100.9,51.41,0,-6999,683.5,-6999,-6999,-.037,0,0,0,0
2,2005,26,800,0
2,2005,26,810,0
2,2005,26,820,0
1,2005,26,830,17.3,100.2,124.4,0,-6999,683.8,-6999,-6999,-.037,0,0,0,0
2,2005,26,830,0
2,2005,26,840,.1
2,2005,26,850,0
1,2005,26,900,17.57,96.6,290.8,0,-6999,684,-6999,-6999,-.037,0,0,0,0
2,2005,26,900,0
2,2005,26,910,0
2,2005,26,920,0
1,2005,26,930,17.82,92.4,270.3,0,-6999,684.2,-6999,-6999,-.037,0,0,0,0
2,2005,26,930,0
2,2005,26,940,0
2,2005,26,950,0
1,2005,26,1000,17.91,92.1,277.9,0,-6999,684.3,-6999,-6999,-.037,0,0,0,0
2,2005,26,1000,0
2,2005,26,1010,0
2,2005,26,1020,0
1,2005,26,1030,18.1,92.5,344.1,0,-6999,684.5,-6999,-6999,-.037,0,0,0,0
2,2005,26,1030,0
2,2005,26,1040,0
2,2005,26,1050,0
1,2005,26,1100,18.07,95.5,402.3,0,-6999,684.6,-6999,-6999,-.037,0,0,0,0
2,2005,26,1100,0
2,2005,26,1110,0
2,2005,26,1120,0
1,2005,26,1130,18.74,91.8,532,0,-6999,684.5,-6999,-6999,-.037,0,0,0,0
2,2005,26,1130,0
2,2005,26,1140,0
2,2005,26,1150,0
1,2005,26,1200,19.35,90.1,492.8,0,-6999,684.4,-6999,-6999,-.037,0,0,0,0
2,2005,26,1200,0
2,2005,26,1210,0
2,2005,26,1220,0
1,2005,26,1230,18.91,91.8,296.7,0,-6999,684.3,-6999,-6999,-.037,0,0,0,0
2,2005,26,1230,0
2,2005,26,1240,0
2,2005,26,1250,.2
1,2005,26,1300,18.47,97.4,292.8,0,-6999,684.3,-6999,-6999,-.037,0,0,0,0
2,2005,26,1300,0
2,2005,26,1310,.1
2,2005,26,1320,0
1,2005,26,1330,18.51,99.1,329.1,0,-6999,684.3,-6999,-6999,-.037,0,0,0,0
2,2005,26,1330,0
2,2005,26,1340,.1
2,2005,26,1350,0
1,2005,26,1400,18.59,98.9,339.7,0,-6999,684.2,-6999,-6999,-.037,0,0,0,0
2,2005,26,1400,0
2,2005,26,1410,0
2,2005,26,1420,.1
1,2005,26,1430,18.42,99.3,294.7,0,-6999,684.1,-6999,-6999,-.037,0,0,0,0
2,2005,26,1430,.1
2,2005,26,1440,0
2,2005,26,1450,0
1,2005,26,1500,18.55,98.9,335.9,0,-6999,684,-6999,-6999,-.037,0,0,0,0
2,2005,26,1500,0
2,2005,26,1510,.1
2,2005,26,1520,0
1,2005,26,1530,18.61,98.9,232.7,0,-6999,683.8,-6999,-6999,-.037,0,0,0,0
2,2005,26,1530,.1
2,2005,26,1540,.2
2,2005,26,1550,0
1,2005,26,1600,18.26,99.9,209,0,-6999,683.7,-6999,-6999,-.037,0,0,0,0
2,2005,26,1600,0
2,2005,26,1610,0
2,2005,26,1620,0
1,2005,26,1630,18.43,98.5,248.5,0,-6999,683.5,-6999,-6999,-.037,0,0,0,0
2,2005,26,1630,0
2,2005,26,1640,0
2,2005,26,1650,0
1,2005,26,1700,18.48,96.9,158,0,-6999,683.6,-6999,-6999,-.037,0,0,0,0
2,2005,26,1700,0
2,2005,26,1710,0
2,2005,26,1720,0
1,2005,26,1730,18.17,97.3,94.4,0,-6999,683.7,-6999,-6999,-.037,0,0,0,0
2,2005,26,1730,0
2,2005,26,1740,0
2,2005,26,1750,0
1,2005,26,1800,18.09,96,93.1,0,-6999,683.8,-6999,-6999,-.037,0,0,0,0
2,2005,26,1800,0
2,2005,26,1810,0
2,2005,26,1820,0
1,2005,26,1830,17.78,96.5,47.96,0,-6999,683.9,-6999,-6999,-.037,0,0,0,0
2,2005,26,1830,0
2,2005,26,1840,0
2,2005,26,1850,0
1,2005,26,1900,17.43,98.1,17.3,0,-6999,684.1,-6999,-6999,-.037,0,0,0,0
2,2005,26,1900,0
2,2005,26,1910,0
2,2005,26,1920,0
1,2005,26,1930,17.26,98.1,1.16,0,-6999,684.4,-6999,-6999,-.037,0,0,0,0
2,2005,26,1930,0
2,2005,26,1940,0
2,2005,26,1950,0
1,2005,26,2000,17.19,97.9,0,0,-6999,684.7,-6999,-6999,-.037,0,0,0,0
2,2005,26,2000,0
2,2005,26,2010,0
2,2005,26,2020,0
1,2005,26,2030,17.04,96.5,0,0,-6999,685,-6999,-6999,-.037,0,0,0,0
2,2005,26,2030,0
2,2005,26,2040,0
2,2005,26,2050,0
1,2005,26,2100,16.89,96.7,0,0,-6999,685.2,-6999,-6999,-.037,0,0,0,0
2,2005,26,2100,0
2,2005,26,2110,0
2,2005,26,2120,0
1,2005,26,2130,16.68,96.8,0,0,-6999,685.2,-6999,-6999,-.037,0,0,0,0
2,2005,26,2130,0
2,2005,26,2140,0
2,2005,26,2150,0
1,2005,26,2200,16.41,96.2,0,0,-6999,685.3,-6999,-6999,-.037,0,0,0,0
2,2005,26,2200,0
2,2005,26,2210,0
2,2005,26,2220,0
1,2005,26,2230,16.17,96.5,0,0,-6999,685.6,-6999,-6999,-.037,0,0,0,0
2,2005,26,2230,0
2,2005,26,2240,0
2,2005,26,2250,0
1,2005,26,2300,15.9,97.7,0,0,-6999,685.8,-6999,-6999,-.037,0,0,0,0
2,2005,26,2300,0
2,2005,26,2310,0
2,2005,26,2320,0
1,2005,26,2330,15.68,98.3,0,0,-6999,685.8,-6999,-6999,-.037,0,0,0,0
2,2005,26,2330,0
2,2005,26,2340,0
2,2005,26,2350,0
1,2005,26,2400,15.56,99.3,0,0,-6999,685.7,-6999,-6999,-.037,0,0,0,0
2,2005,26,2400,0
3,2005,26,2400,19.52,15.5,17.75,102.8,6,87.4,1144,98.4,-6999,0,-6999,0,-6999,6.2
2,2005,27,10,0
2,2005,27,20,0
1,2005,27,30,15.56,99.6,0,0,-6999,685.4,-6999,-6999,-.037,0,0,0,0
2,2005,27,30,0
2,2005,27,40,0
2,2005,27,50,0
1,2005,27,100,15.49,100.1,0,0,-6999,685.1,-6999,-6999,-.037,0,0,0,0
2,2005,27,100,0
2,2005,27,110,0
2,2005,27,120,0
1,2005,27,130,15.47,100.1,0,0,-6999,684.9,-6999,-6999,-.037,0,0,0,0
2,2005,27,130,0
2,2005,27,140,0
2,2005,27,150,0
1,2005,27,200,15.43,100.2,0,0,-6999,685,-6999,-6999,-.037,0,0,0,0
2,2005,27,200,0
2,2005,27,210,0
2,2005,27,220,0
1,2005,27,230,15.46,99.8,0,0,-6999,684.8,-6999,-6999,-.037,0,0,0,0
2,2005,27,230,0
2,2005,27,240,0
2,2005,27,250,0
1,2005,27,300,15.47,99,.001,0,-6999,684.7,-6999,-6999,-.037,0,0,0,0
2,2005,27,300,0
2,2005,27,310,0
2,2005,27,320,0
1,2005,27,330,15.45,99.1,0,0,-6999,684.7,-6999,-6999,-.037,0,0,0,0
2,2005,27,330,0
2,2005,27,340,0
2,2005,27,350,0
1,2005,27,400,15.56,98.9,0,0,-6999,684.8,-6999,-6999,-.037,0,0,0,0
2,2005,27,400,0
2,2005,27,410,0
2,2005,27,420,0
1,2005,27,430,15.74,98.3,0,0,-6999,684.8,-6999,-6999,-.037,0,0,0,0
2,2005,27,430,0
2,2005,27,440,0
2,2005,27,450,0
1,2005,27,500,15.86,98,0,0,-6999,684.8,-6999,-6999,-.037,0,0,0,0
2,2005,27,500,0
2,2005,27,510,0
2,2005,27,520,0
1,2005,27,530,15.94,98,0,0,-6999,684.8,-6999,-6999,-.037,0,0,0,0
2,2005,27,530,0
2,2005,27,540,0
2,2005,27,550,0
1,2005,27,600,15.9,98.5,.786,0,-6999,685,-6999,-6999,-.037,0,0,0,0
2,2005,27,600,0
2,2005,27,610,0
2,2005,27,620,0
1,2005,27,630,15.92,98.8,10.56,0,-6999,685.2,-6999,-6999,-.037,0,0,0,0
2,2005,27,630,0
2,2005,27,640,0
2,2005,27,650,0
1,2005,27,700,16.07,98.6,28.88,0,-6999,685.5,-6999,-6999,-.037,0,0,0,0
2,2005,27,700,0
2,2005,27,710,0
2,2005,27,720,0
1,2005,27,730,16.34,98.1,57.83,0,-6999,685.7,-6999,-6999,-.037,0,0,0,0
2,2005,27,730,.1
2,2005,27,740,.2
2,2005,27,750,0
1,2005,27,800,16.4,99.6,41.65,0,-6999,685.8,-6999,-6999,-.037,0,0,0,0
2,2005,27,800,.1
2,2005,27,810,2
2,2005,27,820,3.1
1,2005,27,830,16.4,100.7,36.71,0,-6999,686,-6999,-6999,-.037,0,0,0,0
2,2005,27,830,1.4
2,2005,27,840,.8
2,2005,27,850,1
1,2005,27,900,16.31,101.9,64.23,0,-6999,685.9,-6999,-6999,-.037,0,0,0,0
2,2005,27,900,.8
2,2005,27,910,.7
2,2005,27,920,.3
1,2005,27,930,16.76,102.2,197.9,0,-6999,686,-6999,-6999,-.037,0,0,0,0
2,2005,27,930,.1
2,2005,27,940,0
2,2005,27,950,0
1,2005,27,1000,17.5,101.5,156.8,0,-6999,686.3,-6999,-6999,-.037,0,0,0,0
2,2005,27,1000,.4
2,2005,27,1010,1.1
2,2005,27,1020,2
1,2005,27,1030,17.47,101.3,27.12,0,-6999,686.6,-6999,-6999,-.037,0,0,0,0
2,2005,27,1030,5.1
2,2005,27,1040,2.8
2,2005,27,1050,1.6
1,2005,27,1100,17.25,102.2,21.54,0,-6999,686.5,-6999,-6999,-.037,0,0,0,0
2,2005,27,1100,.7
2,2005,27,1110,.7
2,2005,27,1120,3.4
1,2005,27,1130,16.96,102.3,16.14,0,-6999,686.9,-6999,-6999,-.037,0,0,0,0
2,2005,27,1130,8.2
2,2005,27,1140,5.2
2,2005,27,1150,2.5
1,2005,27,1200,16.81,102.8,30.81,0,-6999,686.7,-6999,-6999,-.037,0,0,0,0
2,2005,27,1200,2.6
2,2005,27,1210,.8
2,2005,27,1220,.1
1,2005,27,1230,17.35,102.9,97.9,0,-6999,686.7,-6999,-6999,-.037,0,0,0,0
2,2005,27,1230,0
2,2005,27,1240,0
2,2005,27,1250,0
1,2005,27,1300,18.41,102.8,353,0,-6999,686.4,-6999,-6999,-.037,0,0,0,0
2,2005,27,1300,0
2,2005,27,1310,0
2,2005,27,1320,0
1,2005,27,1330,19.3,102.5,423.7,0,-6999,686.1,-6999,-6999,-.037,0,0,0,0
2,2005,27,1330,0
2,2005,27,1340,0
2,2005,27,1350,0
1,2005,27,1400,20.75,97.7,694.7,0,-6999,685.9,-6999,-6999,-.037,0,0,0,0
2,2005,27,1400,0
2,2005,27,1410,0
2,2005,27,1420,0
1,2005,27,1430,22.64,88.8,617.8,0,-6999,685.6,-6999,-6999,-.037,0,0,0,0
2,2005,27,1430,0
2,2005,27,1440,0
2,2005,27,1450,0
1,2005,27,1500,23.04,86.4,478.4,0,-6999,685.2,-6999,-6999,-.037,0,0,0,0
2,2005,27,1500,0
2,2005,27,1510,0
2,2005,27,1520,0
1,2005,27,1530,22.71,86.6,501,0,-6999,685.2,-6999,-6999,-.037,0,0,0,0
2,2005,27,1530,0
2,2005,27,1540,0
2,2005,27,1550,0
1,2005,27,1600,22.51,87.4,319,0,-6999,684.9,-6999,-6999,-.037,0,0,0,0
2,2005,27,1600,0
2,2005,27,1610,0
2,2005,27,1620,0
1,2005,27,1630,22.19,88.6,215.1,0,-6999,684.8,-6999,-6999,-.037,0,0,0,0
2,2005,27,1630,0
2,2005,27,1640,0
2,2005,27,1650,0
1,2005,27,1700,22.03,89.2,167.5,0,-6999,684.7,-6999,-6999,-.037,0,0,0,0
2,2005,27,1700,0
2,2005,27,1710,0
2,2005,27,1720,0
1,2005,27,1730,21.55,91.7,43.47,0,-6999,684.9,-6999,-6999,-.037,0,0,0,0
2,2005,27,1730,0
2,2005,27,1740,0
2,2005,27,1750,0
1,2005,27,1800,20.33,97.7,17.07,0,-6999,684.9,-6999,-6999,-.037,0,0,0,0
2,2005,27,1800,0
2,2005,27,1810,0
2,2005,27,1820,0
1,2005,27,1830,19.58,100.4,6.978,0,-6999,685.1,-6999,-6999,-.037,0,0,0,0
2,2005,27,1830,0
2,2005,27,1840,0
2,2005,27,1850,0
1,2005,27,1900,19.12,102,3.755,0,-6999,685.3,-6999,-6999,-.037,0,0,0,0
2,2005,27,1900,0
2,2005,27,1910,0
2,2005,27,1920,.2
1,2005,27,1930,19.08,102.5,.405,0,-6999,685.4,-6999,-6999,-.037,0,0,0,0
2,2005,27,1930,.1
2,2005,27,1940,0
2,2005,27,1950,0
1,2005,27,2000,19.02,102.5,.157,0,-6999,685.5,-6999,-6999,-.037,0,0,0,0
2,2005,27,2000,0
2,2005,27,2010,0
2,2005,27,2020,0
1,2005,27,2030,18.94,102.6,.159,0,-6999,685.6,-6999,-6999,-.037,0,0,0,0
2,2005,27,2030,0
2,2005,27,2040,.2
2,2005,27,2050,0
1,2005,27,2100,18.93,102.6,.147,0,-6999,685.8,-6999,-6999,-.037,0,0,0,0
2,2005,27,2100,0
2,2005,27,2110,0
2,2005,27,2120,0
1,2005,27,2130,18.98,102.7,.145,0,-6999,686,-6999,-6999,-.037,0,0,0,0
2,2005,27,2130,.1
2,2005,27,2140,0
2,2005,27,2150,.1
1,2005,27,2200,18.98,102.7,.141,0,-6999,686.1,-6999,-6999,-.037,0,0,0,0
2,2005,27,2200,0
2,2005,27,2210,.1
2,2005,27,2220,0
1,2005,27,2230,18.98,102.7,.15,0,-6999,686.3,-6999,-6999,-.037,0,0,0,0
2,2005,27,2230,0
2,2005,27,2240,0
2,2005,27,2250,0
1,2005,27,2300,18.95,102.6,.177,0,-6999,686.3,-6999,-6999,-.037,0,0,0,0
2,2005,27,2300,0
2,2005,27,2310,0
2,2005,27,2320,0
1,2005,27,2330,18.92,102.6,.175,0,-6999,686.3,-6999,-6999,-.037,0,0,0,0
2,2005,27,2330,0
2,2005,27,2340,0
2,2005,27,2350,0
1,2005,27,2400,18.9,102.5,.178,0,-6999,686.3,-6999,-6999,-.037,0,0,0,0
2,2005,27,2400,0
3,2005,27,2400,23.26,15.37,18.1,102.9,1154,83.5,1429,99,-6999,0,-6999,0,-6999,48.6
2,2005,28,10,0
2,2005,28,20,0
1,2005,28,30,18.8,102.5,.184,0,-6999,686.3,-6999,-6999,-.037,0,0,0,0
2,2005,28,30,0
2,2005,28,40,0
2,2005,28,50,0
1,2005,28,100,18.7,102.5,.184,0,-6999,686.1,-6999,-6999,-.037,0,0,0,0
2,2005,28,100,0
2,2005,28,110,0
2,2005,28,120,0
1,2005,28,130,18.67,102.4,.182,0,-6999,685.9,-6999,-6999,-.037,0,0,0,0
2,2005,28,130,0
2,2005,28,140,0
2,2005,28,150,0
1,2005,28,200,18.74,102.3,.198,0,-6999,685.9,-6999,-6999,-.037,0,0,0,0
2,2005,28,200,0
2,2005,28,210,0
2,2005,28,220,0
1,2005,28,230,18.79,102.2,.194,0,-6999,685.7,-6999,-6999,-.037,0,0,0,0
2,2005,28,230,.1
2,2005,28,240,0
2,2005,28,250,0
1,2005,28,300,18.91,102.1,.199,0,-6999,685.6,-6999,-6999,-.037,0,0,0,0
2,2005,28,300,0
2,2005,28,310,0
2,2005,28,320,0
1,2005,28,330,18.95,102,.196,0,-6999,685.5,-6999,-6999,-.037,0,0,0,0
2,2005,28,330,0
2,2005,28,340,0
2,2005,28,350,0
1,2005,28,400,18.94,101.8,.185,0,-6999,685.4,-6999,-6999,-.037,0,0,0,0
2,2005,28,400,0
2,2005,28,410,0
2,2005,28,420,.1
1,2005,28,430,18.92,101.7,.184,0,-6999,685.3,-6999,-6999,-.037,0,0,0,0
2,2005,28,430,0
2,2005,28,440,0
2,2005,28,450,.3
1,2005,28,500,18.95,101.8,.183,0,-6999,685.4,-6999,-6999,-.037,0,0,0,0
2,2005,28,500,.3
2,2005,28,510,.7
2,2005,28,520,3
1,2005,28,530,18.85,102.1,.085,0,-6999,685.5,-6999,-6999,-.037,0,0,0,0
2,2005,28,530,5.9
2,2005,28,540,3
2,2005,28,550,1.2
1,2005,28,600,18.69,102.6,.095,0,-6999,685.7,-6999,-6999,-.037,0,0,0,0
2,2005,28,600,.8
2,2005,28,610,.7
2,2005,28,620,.1
1,2005,28,630,18.64,102.7,3.643,0,-6999,685.9,-6999,-6999,-.037,0,0,0,0
2,2005,28,630,0
2,2005,28,640,0
2,2005,28,650,0
1,2005,28,700,18.63,102.8,11.8,0,-6999,686,-6999,-6999,-.037,0,0,0,0
2,2005,28,700,0
2,2005,28,710,0
2,2005,28,720,0
1,2005,28,730,18.69,102.8,29.27,0,-6999,686.2,-6999,-6999,-.037,0,0,0,0
2,2005,28,730,0
2,2005,28,740,.2
2,2005,28,750,0
1,2005,28,800,18.87,102.8,71.7,0,-6999,686.4,-6999,-6999,-.037,0,0,0,0
2,2005,28,800,0
2,2005,28,810,0
2,2005,28,820,0
1,2005,28,830,19.11,102.8,100.4,0,-6999,686.4,-6999,-6999,-.037,0,0,0,0
2,2005,28,830,0
2,2005,28,840,0
2,2005,28,850,0
1,2005,28,900,19.47,102.6,217.4,0,-6999,686.6,-6999,-6999,-.037,0,0,0,0
2,2005,28,900,0
2,2005,28,910,0
2,2005,28,920,0
1,2005,28,930,20.42,100.8,405.2,0,-6999,686.7,-6999,-6999,-.037,0,0,0,0
2,2005,28,930,0
2,2005,28,940,0
2,2005,28,950,0
1,2005,28,1000,21.07,98.4,325.8,0,-6999,686.6,-6999,-6999,-.037,0,0,0,0
2,2005,28,1000,0
2,2005,28,1010,0
2,2005,28,1020,0
1,2005,28,1030,20.96,98.7,242,0,-6999,686.5,-6999,-6999,-.037,0,0,0,0
2,2005,28,1030,.1
2,2005,28,1040,.1
2,2005,28,1050,.2
1,2005,28,1100,20.73,99.2,196.5,0,-6999,686.4,-6999,-6999,-.037,0,0,0,0
2,2005,28,1100,.1
2,2005,28,1110,.2
2,2005,28,1120,.1
1,2005,28,1130,20.78,99.2,208.5,0,-6999,686.4,-6999,-6999,-.037,0,0,0,0
2,2005,28,1130,.2
2,2005,28,1140,.2
2,2005,28,1150,.3
1,2005,28,1200,20.63,99.4,190.7,0,-6999,686.3,-6999,-6999,-.037,0,0,0,0
2,2005,28,1200,.2
2,2005,28,1210,.1
2,2005,28,1220,0
1,2005,28,1230,20.89,99.8,240.8,0,-6999,686.2,-6999,-6999,-.037,0,0,0,0
2,2005,28,1230,.4
2,2005,28,1240,.3
2,2005,28,1250,.2
1,2005,28,1300,21.18,99.6,334.5,0,-6999,686,-6999,-6999,-.037,0,0,0,0
2,2005,28,1300,0
2,2005,28,1310,.1
2,2005,28,1320,.2
1,2005,28,1330,21.46,98.4,300.9,0,-6999,685.7,-6999,-6999,-.037,0,0,0,0
2,2005,28,1330,0
2,2005,28,1340,0
2,2005,28,1350,0
1,2005,28,1400,22.04,96.7,430.9,0,-6999,685.4,-6999,-6999,-.037,0,0,0,0
2,2005,28,1400,0
2,2005,28,1410,0
2,2005,28,1420,0
1,2005,28,1430,22.52,96.4,329.5,0,-6999,685,-6999,-6999,-.037,0,0,0,0
2,2005,28,1430,0
