1,2005,56,1600,22.38,88.7,70.5,0,-6999,682.6,-6999,-6999,-.037,0,0,0,0
2,2005,56,1600,.1
2,2005,56,1610,0
2,2005,56,1620,0
1,2005,56,1630,23.63,85.3,133,0,-6999,682.3,-6999,-6999,-.037,0,0,0,0
2,2005,56,1630,0
2,2005,56,1640,0
2,2005,56,1650,0
1,2005,56,1700,25.81,69.76,158.5,734,-6999,682,-6999,-6999,-.037,0,0,0,0
2,2005,56,1700,0
2,2005,56,1710,0
2,2005,56,1720,0
1,2005,56,1730,26.23,66.91,100.7,2347,-6999,682.1,-6999,-6999,-.037,0,0,0,0
2,2005,56,1730,0
2,2005,56,1740,0
2,2005,56,1750,0
1,2005,56,1800,25.91,68.15,37.65,2354,-6999,682.3,-6999,-6999,-.037,0,0,0,0
2,2005,56,1800,0
2,2005,56,1810,0
2,2005,56,1820,0
1,2005,56,1830,25.26,68.72,7.49,2820,-6999,682.5,-6999,-6999,-.037,0,0,0,0
2,2005,56,1830,0
2,2005,56,1840,0
2,2005,56,1850,0
1,2005,56,1900,24.95,69.63,.581,2341,-6999,682.6,-6999,-6999,-.037,0,0,0,0
2,2005,56,1900,0
2,2005,56,1910,0
2,2005,56,1920,0
1,2005,56,1930,24.51,75.9,0,1267,-6999,682.8,-6999,-6999,-.037,0,0,0,0
2,2005,56,1930,.1
2,2005,56,1940,.2
2,2005,56,1950,.1
1,2005,56,2000,23.27,84.8,.07,17.09,-6999,682.7,-6999,-6999,-.037,0,0,0,0
2,2005,56,2000,0
2,2005,56,2010,0
2,2005,56,2020,0
1,2005,56,2030,23.17,82.5,0,1270,-6999,682.7,-6999,-6999,-.037,0,0,0,0
2,2005,56,2030,0
2,2005,56,2040,0
2,2005,56,2050,0
1,2005,56,2100,24.43,69.84,0,985,-6999,682.9,-6999,-6999,-.037,0,0,0,0
2,2005,56,2100,0
2,2005,56,2110,0
2,2005,56,2120,0
1,2005,56,2130,23.63,78.1,.002,2496,-6999,683.5,-6999,-6999,-.037,0,0,0,0
2,2005,56,2130,.1
2,2005,56,2140,0
2,2005,56,2150,0
1,2005,56,2200,22.09,89.7,.006,2454,-6999,684.6,-6999,-6999,-.037,0,0,0,0
2,2005,56,2200,.2
2,2005,56,2210,.3
2,2005,56,2220,.1
1,2005,56,2230,20.47,99.3,.003,348.1,-6999,684.6,-6999,-6999,-.037,0,0,0,0
2,2005,56,2230,.1
2,2005,56,2240,.1
2,2005,56,2250,.3
1,2005,56,2300,20,101.2,0,413.7,-6999,684.7,-6999,-6999,-.037,0,0,0,0
2,2005,56,2300,.1
2,2005,56,2310,.1
2,2005,56,2320,.4
1,2005,56,2330,19.6,101.6,0,794,-6999,684.8,-6999,-6999,-.037,0,0,0,0
2,2005,56,2330,.6
2,2005,56,2340,.6
2,2005,56,2350,.4
1,2005,56,2400,19.51,101.8,0,0,-6999,684.6,-6999,-6999,-.037,0,0,0,0
2,2005,56,2400,.3
3,2005,56,2400,32.92,19.4,24.88,102,2355,37.61,1325,69.67,-6999,0,-6999,0,-6999,4.4
2,2005,57,10,.5
2,2005,57,20,.2
1,2005,57,30,19.39,101.9,0,0,-6999,684.3,-6999,-6999,-.037,0,0,0,0
2,2005,57,30,.2
2,2005,57,40,.2
2,2005,57,50,.1
1,2005,57,100,19.51,101.8,.002,0,-6999,684,-6999,-6999,-.037,0,0,0,0
2,2005,57,100,.2
2,2005,57,110,.2
2,2005,57,120,0
1,2005,57,130,19.42,101.2,.009,0,-6999,683.4,-6999,-6999,-.037,0,0,0,0
2,2005,57,130,0
2,2005,57,140,.1
2,2005,57,150,0
1,2005,57,200,19.36,100.2,.034,0,-6999,683,-6999,-6999,-.037,0,0,0,0
2,2005,57,200,0
2,2005,57,210,0
2,2005,57,220,0
1,2005,57,230,19,102.1,0,0,-6999,682.6,-6999,-6999,-.037,0,0,0,0
2,2005,57,230,0
2,2005,57,240,0
2,2005,57,250,0
1,2005,57,300,18.77,102.4,0,0,-6999,682.4,-6999,-6999,-.037,0,0,0,0
2,2005,57,300,0
2,2005,57,310,0
2,2005,57,320,0
1,2005,57,330,18.6,102.4,0,0,-6999,682.4,-6999,-6999,-.037,0,0,0,0
2,2005,57,330,0
2,2005,57,340,0
2,2005,57,350,0
1,2005,57,400,18.58,102.3,0,0,-6999,682.3,-6999,-6999,-.037,0,0,0,0
2,2005,57,400,0
2,2005,57,410,0
2,2005,57,420,0
1,2005,57,430,18.51,102,.073,0,-6999,682.3,-6999,-6999,-.037,0,0,0,0
2,2005,57,430,0
2,2005,57,440,0
2,2005,57,450,0
1,2005,57,500,18.84,100,.026,0,-6999,682.3,-6999,-6999,-.037,0,0,0,0
2,2005,57,500,0
2,2005,57,510,0
2,2005,57,520,0
1,2005,57,530,19.19,97.6,.001,0,-6999,682.3,-6999,-6999,-.037,0,0,0,0
2,2005,57,530,0
2,2005,57,540,0
2,2005,57,550,0
1,2005,57,600,18.96,99.5,.069,0,-6999,682.5,-6999,-6999,-.037,0,0,0,0
2,2005,57,600,0
2,2005,57,610,0
2,2005,57,620,0
1,2005,57,630,18.75,100.9,9.81,0,-6999,682.6,-6999,-6999,-.037,0,0,0,0
2,2005,57,630,0
2,2005,57,640,0
2,2005,57,650,0
1,2005,57,700,19.19,100,48.75,0,-6999,683,-6999,-6999,-.037,0,0,0,0
2,2005,57,700,0
2,2005,57,710,0
2,2005,57,720,0
1,2005,57,730,19.72,99.2,83.1,0,-6999,683.2,-6999,-6999,-.037,0,0,0,0
2,2005,57,730,0
2,2005,57,740,0
2,2005,57,750,0
1,2005,57,800,19.84,99.8,76,0,-6999,683.4,-6999,-6999,-.037,0,0,0,0
2,2005,57,800,0
2,2005,57,810,0
2,2005,57,820,0
1,2005,57,830,19.88,100,90,0,-6999,683.5,-6999,-6999,-.037,0,0,0,0
2,2005,57,830,0
2,2005,57,840,0
2,2005,57,850,0
1,2005,57,900,20.27,98.5,174.3,0,-6999,683.7,-6999,-6999,-.037,0,0,0,0
2,2005,57,900,0
2,2005,57,910,0
2,2005,57,920,0
1,2005,57,930,20.75,96.8,210.1,0,-6999,683.9,-6999,-6999,-.037,0,0,0,0
2,2005,57,930,0
2,2005,57,940,0
2,2005,57,950,0
1,2005,57,1000,21.78,93.1,429.7,0,-6999,684,-6999,-6999,-.037,0,0,0,0
2,2005,57,1000,0
2,2005,57,1010,0
2,2005,57,1020,0
1,2005,57,1030,22.28,90.9,316.3,0,-6999,684.1,-6999,-6999,-.037,0,0,0,0
2,2005,57,1030,0
2,2005,57,1040,0
2,2005,57,1050,0
1,2005,57,1100,22.07,92.4,244.6,0,-6999,684.3,-6999,-6999,-.037,0,0,0,0
2,2005,57,1100,0
2,2005,57,1110,0
2,2005,57,1120,0
1,2005,57,1130,22.48,91,389.5,356.9,-6999,684.2,-6999,-6999,-.037,0,0,0,0
2,2005,57,1130,0
2,2005,57,1140,0
2,2005,57,1150,0
1,2005,57,1200,23.74,84,596.6,0,-6999,684.2,-6999,-6999,-.037,0,0,0,0
2,2005,57,1200,0
2,2005,57,1210,0
2,2005,57,1220,0
1,2005,57,1230,24.64,80,611.9,0,-6999,684.1,-6999,-6999,-.037,0,0,0,0
2,2005,57,1230,0
2,2005,57,1240,0
2,2005,57,1250,0
1,2005,57,1300,24.67,76.4,457.3,0,-6999,684,-6999,-6999,-.037,0,0,0,0
2,2005,57,1300,0
2,2005,57,1310,0
2,2005,57,1320,0
1,2005,57,1330,24.38,79.7,604.7,0,-6999,683.9,-6999,-6999,-.037,0,0,0,0
2,2005,57,1330,0
2,2005,57,1340,0
2,2005,57,1350,0
1,2005,57,1400,24.78,78.1,505.4,0,-6999,683.5,-6999,-6999,-.037,0,0,0,0
2,2005,57,1400,0
2,2005,57,1410,0
2,2005,57,1420,0
1,2005,57,1430,24,82.6,98.1,0,-6999,683.2,-6999,-6999,-.037,0,0,0,0
2,2005,57,1430,2.9
2,2005,57,1440,9.3
2,2005,57,1450,2.5
1,2005,57,1500,21.05,98.8,30.12,0,-6999,683,-6999,-6999,-.037,0,0,0,0
2,2005,57,1500,1.7
2,2005,57,1510,1
2,2005,57,1520,.7
1,2005,57,1530,20.19,101.2,120.6,0,-6999,682.5,-6999,-6999,-.037,0,0,0,0
2,2005,57,1530,.9
2,2005,57,1540,.1
2,2005,57,1550,0
1,2005,57,1600,21.24,101.7,260.8,0,-6999,682.1,-6999,-6999,-.037,0,0,0,0
2,2005,57,1600,0
2,2005,57,1610,0
2,2005,57,1620,0
1,2005,57,1630,21.56,101.1,195.5,0,-6999,681.9,-6999,-6999,-.037,0,0,0,0
2,2005,57,1630,0
2,2005,57,1640,0
2,2005,57,1650,0
1,2005,57,1700,22.27,98.5,264,0,-6999,681.8,-6999,-6999,-.037,0,0,0,0
2,2005,57,1700,0
2,2005,57,1710,0
2,2005,57,1720,0
1,2005,57,1730,23.89,90.3,283.5,0,-6999,681.6,-6999,-6999,-.037,0,0,0,0
2,2005,57,1730,0
2,2005,57,1740,0
2,2005,57,1750,0
1,2005,57,1800,24.48,83.8,120.8,0,-6999,681.7,-6999,-6999,-.037,0,0,0,0
2,2005,57,1800,0
2,2005,57,1810,0
2,2005,57,1820,0
1,2005,57,1830,23.22,87.5,16.26,0,-6999,681.8,-6999,-6999,-.037,0,0,0,0
2,2005,57,1830,0
2,2005,57,1840,0
2,2005,57,1850,0
1,2005,57,1900,22.69,90.1,2.226,0,-6999,682.1,-6999,-6999,-.037,0,0,0,0
2,2005,57,1900,0
2,2005,57,1910,0
2,2005,57,1920,0
1,2005,57,1930,22.6,90.6,.001,0,-6999,682.1,-6999,-6999,-.037,0,0,0,0
2,2005,57,1930,0
2,2005,57,1940,0
2,2005,57,1950,0
1,2005,57,2000,22.53,91.5,0,0,-6999,682.2,-6999,-6999,-.037,0,0,0,0
2,2005,57,2000,0
2,2005,57,2010,0
2,2005,57,2020,0
1,2005,57,2030,22.43,92.2,0,0,-6999,682.6,-6999,-6999,-.037,0,0,0,0
2,2005,57,2030,0
2,2005,57,2040,0
2,2005,57,2050,0
1,2005,57,2100,22.55,92.4,0,0,-6999,682.8,-6999,-6999,-.037,0,0,0,0
2,2005,57,2100,0
2,2005,57,2110,0
2,2005,57,2120,0
1,2005,57,2130,22.52,94,0,0,-6999,682.7,-6999,-6999,-.037,0,0,0,0
2,2005,57,2130,0
2,2005,57,2140,0
2,2005,57,2150,0
1,2005,57,2200,22.27,96.2,0,0,-6999,682.7,-6999,-6999,-.037,0,0,0,0
2,2005,57,2200,0
2,2005,57,2210,0
2,2005,57,2220,0
1,2005,57,2230,22.04,97.3,0,380.2,-6999,682.8,-6999,-6999,-.037,0,0,0,0
2,2005,57,2230,0
2,2005,57,2240,0
2,2005,57,2250,0
1,2005,57,2300,22.13,95.6,0,0,-6999,682.9,-6999,-6999,-.037,0,0,0,0
2,2005,57,2300,0
2,2005,57,2310,0
2,2005,57,2320,0
1,2005,57,2330,21.62,97.1,0,0,-6999,683.1,-6999,-6999,-.037,0,0,0,0
2,2005,57,2330,0
2,2005,57,2340,0
2,2005,57,2350,0
1,2005,57,2400,21.2,98.6,.001,0,-6999,683.1,-6999,-6999,-.037,0,0,0,0
2,2005,57,2400,0
3,2005,57,2400,25.29,18.4,21.33,102.5,242,73,1237,94.9,-6999,0,-6999,0,-6999,20.8
2,2005,58,10,0
2,2005,58,20,0
1,2005,58,30,20.96,100.9,.005,0,-6999,683,-6999,-6999,-.037,0,0,0,0
2,2005,58,30,0
2,2005,58,40,0
2,2005,58,50,0
1,2005,58,100,20.73,101.1,.018,0,-6999,682.8,-6999,-6999,-.037,0,0,0,0
2,2005,58,100,0
2,2005,58,110,0
2,2005,58,120,0
1,2005,58,130,20.8,97.8,.001,0,-6999,682.6,-6999,-6999,-.037,0,0,0,0
2,2005,58,130,0
2,2005,58,140,0
2,2005,58,150,0
1,2005,58,200,20.69,97.4,0,0,-6999,682.5,-6999,-6999,-.037,0,0,0,0
2,2005,58,200,0
2,2005,58,210,0
2,2005,58,220,0
1,2005,58,230,20.69,96.7,.001,0,-6999,682.3,-6999,-6999,-.037,0,0,0,0
2,2005,58,230,0
2,2005,58,240,0
2,2005,58,250,0
1,2005,58,300,20.68,95.8,.001,0,-6999,682.2,-6999,-6999,-.037,0,0,0,0
2,2005,58,300,0
2,2005,58,310,0
2,2005,58,320,0
1,2005,58,330,20.82,93.4,0,0,-6999,682.2,-6999,-6999,-.037,0,0,0,0
2,2005,58,330,0
2,2005,58,340,0
2,2005,58,350,0
1,2005,58,400,20.7,95,.001,0,-6999,682.2,-6999,-6999,-.037,0,0,0,0
2,2005,58,400,0
2,2005,58,410,0
2,2005,58,420,0
1,2005,58,430,20.44,96.6,.003,0,-6999,682.2,-6999,-6999,-.037,0,0,0,0
2,2005,58,430,0
2,2005,58,440,0
2,2005,58,450,0
1,2005,58,500,20.42,96.7,0,0,-6999,682.2,-6999,-6999,-.037,0,0,0,0
2,2005,58,500,0
2,2005,58,510,0
2,2005,58,520,0
1,2005,58,530,20.48,96.9,0,0,-6999,682.3,-6999,-6999,-.037,0,0,0,0
2,2005,58,530,0
2,2005,58,540,0
2,2005,58,550,0
1,2005,58,600,20.48,97.2,.02,9.63,-6999,682.5,-6999,-6999,-.037,0,0,0,0
2,2005,58,600,0
2,2005,58,610,0
2,2005,58,620,0
1,2005,58,630,20.45,97.6,5.973,0,-6999,682.7,-6999,-6999,-.037,0,0,0,0
2,2005,58,630,0
2,2005,58,640,0
2,2005,58,650,0
1,2005,58,700,20.53,97.9,29.81,0,-6999,683,-6999,-6999,-.037,0,0,0,0
2,2005,58,700,0
2,2005,58,710,0
2,2005,58,720,0
1,2005,58,730,20.82,96.7,71.2,0,-6999,683.3,-6999,-6999,-.037,0,0,0,0
2,2005,58,730,0
2,2005,58,740,0
2,2005,58,750,0
1,2005,58,800,21.03,96.5,85.1,0,-6999,683.5,-6999,-6999,-.037,0,0,0,0
2,2005,58,800,0
2,2005,58,810,0
2,2005,58,820,0
1,2005,58,830,21.08,96.9,84.5,0,-6999,683.7,-6999,-6999,-.037,0,0,0,0
2,2005,58,830,0
2,2005,58,840,0
2,2005,58,850,0
1,2005,58,900,21.29,96.2,193.2,0,-6999,683.9,-6999,-6999,-.037,0,0,0,0
2,2005,58,900,0
2,2005,58,910,0
2,2005,58,920,0
1,2005,58,930,22.15,90.9,368.4,0,-6999,683.9,-6999,-6999,-.037,0,0,0,0
2,2005,58,930,0
2,2005,58,940,0
2,2005,58,950,0
1,2005,58,1000,23.37,85.9,509.1,0,-6999,684,-6999,-6999,-.037,0,0,0,0
2,2005,58,1000,0
2,2005,58,1010,0
2,2005,58,1020,0
1,2005,58,1030,23.88,84.2,544.6,0,-6999,684,-6999,-6999,-.037,0,0,0,0
2,2005,58,1030,0
2,2005,58,1040,0
2,2005,58,1050,0
1,2005,58,1100,24.3,81.7,437,0,-6999,683.9,-6999,-6999,-.037,0,0,0,0
2,2005,58,1100,0
2,2005,58,1110,0
2,2005,58,1120,0
1,2005,58,1130,24.54,79.6,477.3,0,-6999,683.8,-6999,-6999,-.037,0,0,0,0
2,2005,58,1130,0
2,2005,58,1140,0
2,2005,58,1150,0
1,2005,58,1200,25.1,77.4,567.2,0,-6999,683.7,-6999,-6999,-.037,0,0,0,0
2,2005,58,1200,0
2,2005,58,1210,0
2,2005,58,1220,0
1,2005,58,1230,25.29,76.7,506.8,0,-6999,683.6,-6999,-6999,-.037,0,0,0,0
2,2005,58,1230,0
2,2005,58,1240,0
2,2005,58,1250,0
1,2005,58,1300,25.21,78.6,377.5,0,-6999,683.4,-6999,-6999,-.037,0,0,0,0
2,2005,58,1300,0
2,2005,58,1310,0
2,2005,58,1320,0
1,2005,58,1330,24.35,81.8,111.9,0,-6999,683.1,-6999,-6999,-.037,0,0,0,0
2,2005,58,1330,0
2,2005,58,1340,0
2,2005,58,1350,0
1,2005,58,1400,23.53,86.4,147.7,0,-6999,682.8,-6999,-6999,-.037,0,0,0,0
2,2005,58,1400,4.8
2,2005,58,1410,.6
2,2005,58,1420,0
1,2005,58,1430,22.36,99.3,234.2,0,-6999,682.5,-6999,-6999,-.037,0,0,0,0
2,2005,58,1430,0
2,2005,58,1440,0
2,2005,58,1450,0
1,2005,58,1500,23,98.6,133.7,0,-6999,682.4,-6999,-6999,-.037,0,0,0,0
2,2005,58,1500,.2
2,2005,58,1510,0
2,2005,58,1520,0
1,2005,58,1530,23.27,96,338.5,0,-6999,682.2,-6999,-6999,-.037,0,0,0,0
2,2005,58,1530,0
2,2005,58,1540,0
2,2005,58,1550,0
1,2005,58,1600,24.5,90.2,340.3,0,-6999,681.9,-6999,-6999,-.037,0,0,0,0
2,2005,58,1600,0
2,2005,58,1610,.1
2,2005,58,1620,0
1,2005,58,1630,25.33,76.9,299.9,0,-6999,681.9,-6999,-6999,-.037,0,0,0,0
2,2005,58,1630,0
2,2005,58,1640,0
2,2005,58,1650,0
1,2005,58,1700,24.89,79,91.9,0,-6999,681.9,-6999,-6999,-.037,0,0,0,0
2,2005,58,1700,.8
2,2005,58,1710,1
2,2005,58,1720,.8
1,2005,58,1730,22.18,96.9,25.07,0,-6999,682.1,-6999,-6999,-.037,0,0,0,0
2,2005,58,1730,1.3
2,2005,58,1740,.8
2,2005,58,1750,3.8
1,2005,58,1800,19.91,101.1,17.31,0,-6999,682.4,-6999,-6999,-.037,0,0,0,0
2,2005,58,1800,.4
2,2005,58,1810,.2
2,2005,58,1820,.3
1,2005,58,1830,19.21,102.2,6.939,0,-6999,682.6,-6999,-6999,-.037,0,0,0,0
2,2005,58,1830,.3
2,2005,58,1840,1.2
2,2005,58,1850,.8
1,2005,58,1900,19.55,102.5,.836,0,-6999,682.8,-6999,-6999,-.037,0,0,0,0
2,2005,58,1900,.3
2,2005,58,1910,0
2,2005,58,1920,.1
1,2005,58,1930,19.49,102.5,.001,294.8,-6999,683,-6999,-6999,-.037,0,0,0,0
2,2005,58,1930,0
2,2005,58,1940,.3
2,2005,58,1950,.1
1,2005,58,2000,19.35,102.5,0,0,-6999,683.3,-6999,-6999,-.037,0,0,0,0
2,2005,58,2000,.6
2,2005,58,2010,.3
2,2005,58,2020,.1
1,2005,58,2030,19.41,102.5,0,0,-6999,683.8,-6999,-6999,-.037,0,0,0,0
2,2005,58,2030,0
2,2005,58,2040,0
2,2005,58,2050,0
1,2005,58,2100,19.6,102.6,0,0,-6999,684,-6999,-6999,-.037,0,0,0,0
2,2005,58,2100,0
2,2005,58,2110,0
2,2005,58,2120,0
1,2005,58,2130,19.56,102.6,0,0,-6999,684,-6999,-6999,-.037,0,0,0,0
2,2005,58,2130,0
2,2005,58,2140,0
2,2005,58,2150,0
1,2005,58,2200,19.5,102.7,0,0,-6999,684.2,-6999,-6999,-.037,0,0,0,0
2,2005,58,2200,0
2,2005,58,2210,0
2,2005,58,2220,0
1,2005,58,2230,19.44,102.6,.003,0,-6999,684.4,-6999,-6999,-.037,0,0,0,0
2,2005,58,2230,0
2,2005,58,2240,0
2,2005,58,2250,0
1,2005,58,2300,19.46,102.7,.001,0,-6999,684.5,-6999,-6999,-.037,0,0,0,0
2,2005,58,2300,0
2,2005,58,2310,0
2,2005,58,2320,.2
1,2005,58,2330,19.47,102.6,.001,0,-6999,684.5,-6999,-6999,-.037,0,0,0,0
2,2005,58,2330,0
2,2005,58,2340,0
2,2005,58,2350,0
1,2005,58,2400,19.49,102.6,0,0,-6999,684.5,-6999,-6999,-.037,0,0,0,0
2,2005,58,2400,0
3,2005,58,2400,26.08,18.96,21.54,102.8,2042,71.5,1211,94.6,-6999,0,-6999,0,-6999,19.4
2,2005,59,10,0
2,2005,59,20,0
1,2005,59,30,19.33,102.6,.003,0,-6999,684.3,-6999,-6999,-.037,0,0,0,0
2,2005,59,30,0
2,2005,59,40,0
2,2005,59,50,0
1,2005,59,100,19.33,102.6,.002,0,-6999,684.1,-6999,-6999,-.037,0,0,0,0
2,2005,59,100,0
2,2005,59,110,0
2,2005,59,120,0
1,2005,59,130,19.46,102.5,.001,0,-6999,683.9,-6999,-6999,-.037,0,0,0,0
2,2005,59,130,0
2,2005,59,140,0
2,2005,59,150,0
1,2005,59,200,19.47,102.6,0,0,-6999,683.8,-6999,-6999,-.037,0,0,0,0
2,2005,59,200,0
2,2005,59,210,0
2,2005,59,220,0
1,2005,59,230,19.3,102.6,0,0,-6999,683.8,-6999,-6999,-.037,0,0,0,0
2,2005,59,230,0
2,2005,59,240,0
2,2005,59,250,0
1,2005,59,300,19.12,102.7,0,0,-6999,683.5,-6999,-6999,-.037,0,0,0,0
2,2005,59,300,0
2,2005,59,310,0
2,2005,59,320,0
1,2005,59,330,19.09,102.8,0,0,-6999,683.4,-6999,-6999,-.037,0,0,0,0
2,2005,59,330,0
2,2005,59,340,0
2,2005,59,350,0
1,2005,59,400,19.12,102.8,0,0,-6999,683.4,-6999,-6999,-.037,0,0,0,0
2,2005,59,400,0
2,2005,59,410,0
2,2005,59,420,0
1,2005,59,430,19.09,102.8,0,0,-6999,683.3,-6999,-6999,-.037,0,0,0,0
2,2005,59,430,0
2,2005,59,440,0
2,2005,59,450,0
1,2005,59,500,19.13,102.7,.003,0,-6999,683.5,-6999,-6999,-.037,0,0,0,0
2,2005,59,500,0
2,2005,59,510,0
2,2005,59,520,0
1,2005,59,530,19.15,102.6,0,0,-6999,683.9,-6999,-6999,-.037,0,0,0,0
2,2005,59,530,0
2,2005,59,540,0
2,2005,59,550,0
1,2005,59,600,18.96,102.6,.024,0,-6999,684.1,-6999,-6999,-.037,0,0,0,0
2,2005,59,600,0
2,2005,59,610,0
2,2005,59,620,0
1,2005,59,630,18.73,102.7,6.166,0,-6999,684.4,-6999,-6999,-.037,0,0,0,0
2,2005,59,630,0
2,2005,59,640,0
2,2005,59,650,0
1,2005,59,700,18.88,102.8,48.62,0,-6999,684.6,-6999,-6999,-.037,0,0,0,0
2,2005,59,700,0
2,2005,59,710,0
2,2005,59,720,0
1,2005,59,730,18.94,102.8,68.49,0,-6999,684.8,-6999,-6999,-.037,0,0,0,0
2,2005,59,730,0
2,2005,59,740,0
2,2005,59,750,0
1,2005,59,800,19.08,102.8,169.9,0,-6999,685.1,-6999,-6999,-.037,0,0,0,0
2,2005,59,800,0
2,2005,59,810,0
2,2005,59,820,0
1,2005,59,830,19.5,102.8,264.4,0,-6999,685.2,-6999,-6999,-.037,0,0,0,0
2,2005,59,830,0
2,2005,59,840,0
2,2005,59,850,0
1,2005,59,900,20.6,100.4,260.2,0,-6999,685.2,-6999,-6999,-.037,0,0,0,0
2,2005,59,900,0
2,2005,59,910,0
2,2005,59,920,0
1,2005,59,930,21.43,96.9,246.8,0,-6999,685.3,-6999,-6999,-.037,0,0,0,0
2,2005,59,930,0
2,2005,59,940,0
2,2005,59,950,0
1,2005,59,1000,22.11,94.3,495.9,0,-6999,685.4,-6999,-6999,-.037,0,0,0,0
2,2005,59,1000,0
2,2005,59,1010,0
2,2005,59,1020,0
1,2005,59,1030,22.99,88.2,543.7,0,-6999,685.5,-6999,-6999,-.037,0,0,0,0
2,2005,59,1030,0
2,2005,59,1040,0
2,2005,59,1050,0
1,2005,59,1100,23.73,84.8,511,0,-6999,685.6,-6999,-6999,-.037,0,0,0,0
2,2005,59,1100,0
2,2005,59,1110,0
2,2005,59,1120,0
1,2005,59,1130,24.8,78.3,710,0,-6999,685.5,-6999,-6999,-.037,0,0,0,0
2,2005,59,1130,0
2,2005,59,1140,0
2,2005,59,1150,0
1,2005,59,1200,25.79,74.8,755,0,-6999,685.4,-6999,-6999,-.037,0,0,0,0
2,2005,59,1200,0
2,2005,59,1210,0
2,2005,59,1220,0
1,2005,59,1230,26.45,71.8,814,0,-6999,685.2,-6999,-6999,-.037,0,0,0,0
2,2005,59,1230,0
2,2005,59,1240,0
2,2005,59,1250,0
1,2005,59,1300,27.07,69.28,834,0,-6999,685,-6999,-6999,-.037,0,0,0,0
2,2005,59,1300,0
2,2005,59,1310,0
2,2005,59,1320,0
1,2005,59,1330,27.17,68.74,473.8,0,-6999,684.5,-6999,-6999,-.037,0,0,0,0
2,2005,59,1330,0
2,2005,59,1340,0
2,2005,59,1350,0
1,2005,59,1400,27.33,68.78,701,0,-6999,684.2,-6999,-6999,-.037,0,0,0,0
2,2005,59,1400,0
2,2005,59,1410,0
2,2005,59,1420,0
1,2005,59,1430,27.82,67.47,570.6,0,-6999,683.9,-6999,-6999,-.037,0,0,0,0
2,2005,59,1430,0
2,2005,59,1440,0
2,2005,59,1450,0
1,2005,59,1500,28.91,63.24,719,0,-6999,683.5,-6999,-6999,-.037,0,0,0,0
2,2005,59,1500,0
2,2005,59,1510,0
2,2005,59,1520,0
1,2005,59,1530,27.99,64.48,295.3,0,-6999,683.1,-6999,-6999,-.037,0,0,0,0
2,2005,59,1530,0
2,2005,59,1540,0
2,2005,59,1550,0
1,2005,59,1600,26.98,65.57,166.5,0,-6999,683.1,-6999,-6999,-.037,0,0,0,0
2,2005,59,1600,0
2,2005,59,1610,0
2,2005,59,1620,0
1,2005,59,1630,26.03,73.3,83.5,0,-6999,683,-6999,-6999,-.037,0,0,0,0
2,2005,59,1630,0
2,2005,59,1640,0
2,2005,59,1650,0
1,2005,59,1700,24.67,81,33.28,0,-6999,683.2,-6999,-6999,-.037,0,0,0,0
2,2005,59,1700,0
2,2005,59,1710,.1
2,2005,59,1720,.1
1,2005,59,1730,23.76,89.3,34.65,0,-6999,683.2,-6999,-6999,-.037,0,0,0,0
2,2005,59,1730,.1
2,2005,59,1740,.3
2,2005,59,1750,.3
1,2005,59,1800,23.09,96.5,76.1,0,-6999,683,-6999,-6999,-.037,0,0,0,0
2,2005,59,1800,0
2,2005,59,1810,0
2,2005,59,1820,0
1,2005,59,1830,23.33,98.6,35.4,0,-6999,682.9,-6999,-6999,-.037,0,0,0,0
2,2005,59,1830,0
2,2005,59,1840,0
2,2005,59,1850,0
1,2005,59,1900,23.12,100,8.29,0,-6999,683,-6999,-6999,-.037,0,0,0,0
2,2005,59,1900,.2
2,2005,59,1910,0
2,2005,59,1920,0
1,2005,59,1930,22.71,100.8,.063,0,-6999,683.2,-6999,-6999,-.037,0,0,0,0
2,2005,59,1930,0
2,2005,59,1940,0
2,2005,59,1950,0
1,2005,59,2000,22.4,101.4,0,0,-6999,683.3,-6999,-6999,-.037,0,0,0,0
2,2005,59,2000,0
2,2005,59,2010,0
2,2005,59,2020,0
1,2005,59,2030,21.82,101.6,0,0,-6999,683.5,-6999,-6999,-.037,0,0,0,0
2,2005,59,2030,0
2,2005,59,2040,0
2,2005,59,2050,0
1,2005,59,2100,21.22,101.7,0,0,-6999,683.8,-6999,-6999,-.037,0,0,0,0
2,2005,59,2100,0
2,2005,59,2110,0
2,2005,59,2120,0
1,2005,59,2130,20.89,101.7,0,302.7,-6999,684.1,-6999,-6999,-.037,0,0,0,0
2,2005,59,2130,0
2,2005,59,2140,0
2,2005,59,2150,0
1,2005,59,2200,20.8,101.6,0,142.7,-6999,684.4,-6999,-6999,-.037,0,0,0,0
2,2005,59,2200,0
2,2005,59,2210,0
2,2005,59,2220,0
1,2005,59,2230,20.94,101.3,0,207.1,-6999,684.6,-6999,-6999,-.037,0,0,0,0
2,2005,59,2230,0
2,2005,59,2240,0
2,2005,59,2250,0
1,2005,59,2300,20.81,100.5,0,444.4,-6999,684.9,-6999,-6999,-.037,0,0,0,0
2,2005,59,2300,0
2,2005,59,2310,0
2,2005,59,2320,0
1,2005,59,2330,20.84,100.7,0,1376,-6999,684.9,-6999,-6999,-.037,0,0,0,0
2,2005,59,2330,0
2,2005,59,2340,0
2,2005,59,2350,0
1,2005,59,2400,20.8,100.3,0,0,-6999,685,-6999,-6999,-.037,0,0,0,0
2,2005,59,2400,0
3,2005,59,2400,29.59,18.6,22.17,102.9,714,58.07,1456,92.8,-6999,0,-6999,0,-6999,1.1
2,2005,60,10,0
2,2005,60,20,0
1,2005,60,30,20.56,99.7,0,0,-6999,685,-6999,-6999,-.037,0,0,0,0
2,2005,60,30,0
2,2005,60,40,0
2,2005,60,50,0
1,2005,60,100,20.45,99.9,0,0,-6999,684.8,-6999,-6999,-.037,0,0,0,0
2,2005,60,100,0
2,2005,60,110,0
2,2005,60,120,0
1,2005,60,130,20.42,100.4,0,0,-6999,684.7,-6999,-6999,-.037,0,0,0,0
2,2005,60,130,0
2,2005,60,140,0
2,2005,60,150,0
1,2005,60,200,20.36,101.1,0,593.8,-6999,684.5,-6999,-6999,-.037,0,0,0,0
2,2005,60,200,0
2,2005,60,210,0
2,2005,60,220,0
1,2005,60,230,20.66,101.9,0,0,-6999,684.4,-6999,-6999,-.037,0,0,0,0
2,2005,60,230,0
2,2005,60,240,0
2,2005,60,250,0
1,2005,60,300,20.96,101.4,0,0,-6999,684,-6999,-6999,-.037,0,0,0,0
2,2005,60,300,0
2,2005,60,310,0
2,2005,60,320,0
1,2005,60,330,21.13,98.9,.002,0,-6999,683.9,-6999,-6999,-.037,0,0,0,0
2,2005,60,330,0
2,2005,60,340,0
2,2005,60,350,0
1,2005,60,400,20.83,98,.077,0,-6999,683.8,-6999,-6999,-.037,0,0,0,0
2,2005,60,400,0
2,2005,60,410,0
2,2005,60,420,0
1,2005,60,430,20.85,95.9,.186,0,-6999,683.9,-6999,-6999,-.037,0,0,0,0
2,2005,60,430,0
2,2005,60,440,0
2,2005,60,450,0
1,2005,60,500,20.84,95.7,.202,0,-6999,683.9,-6999,-6999,-.037,0,0,0,0
2,2005,60,500,0
2,2005,60,510,0
2,2005,60,520,0
1,2005,60,530,20.78,94.6,.187,0,-6999,683.9,-6999,-6999,-.037,0,0,0,0
2,2005,60,530,.1
2,2005,60,540,0
2,2005,60,550,0
1,2005,60,600,20.97,89.2,.194,0,-6999,684,-6999,-6999,-.037,0,0,0,0
2,2005,60,600,0
2,2005,60,610,0
2,2005,60,620,0
1,2005,60,630,21.05,86.2,11.88,0,-6999,684.1,-6999,-6999,-.037,0,0,0,0
2,2005,60,630,0
2,2005,60,640,0
2,2005,60,650,0
1,2005,60,700,21.43,84.5,67.4,0,-6999,684.4,-6999,-6999,-.037,0,0,0,0
2,2005,60,700,0
2,2005,60,710,0
2,2005,60,720,0
1,2005,60,730,22.24,83.8,169.1,0,-6999,684.6,-6999,-6999,-.037,0,0,0,0
2,2005,60,730,0
2,2005,60,740,0
2,2005,60,750,0
1,2005,60,800,23.57,82.1,286.8,0,-6999,685,-6999,-6999,-.037,0,0,0,0
2,2005,60,800,0
2,2005,60,810,0
2,2005,60,820,0
1,2005,60,830,24.29,80,387.7,0,-6999,685.3,-6999,-6999,-.037,0,0,0,0
2,2005,60,830,0
2,2005,60,840,0
2,2005,60,850,0
1,2005,60,900,24.42,84,429.6,0,-6999,685.5,-6999,-6999,-.037,0,0,0,0
2,2005,60,900,0
2,2005,60,910,0
2,2005,60,920,0
1,2005,60,930,24.5,85.9,516.1,0,-6999,685.7,-6999,-6999,-.037,0,0,0,0
2,2005,60,930,0
2,2005,60,940,0
2,2005,60,950,0
1,2005,60,1000,25.62,77.5,677.7,0,-6999,685.7,-6999,-6999,-.037,0,0,0,0
2,2005,60,1000,0
2,2005,60,1010,0
2,2005,60,1020,0
1,2005,60,1030,26.67,68.48,753,0,-6999,685.8,-6999,-6999,-.037,0,0,0,0
2,2005,60,1030,0
2,2005,60,1040,0
2,2005,60,1050,0
1,2005,60,1100,27.52,60.3,808,0,-6999,685.7,-6999,-6999,-.037,0,0,0,0
2,2005,60,1100,0
2,2005,60,1110,0
2,2005,60,1120,0
1,2005,60,1130,27.96,54.1,856,0,-6999,685.7,-6999,-6999,-.037,0,0,0,0
2,2005,60,1130,0
2,2005,60,1140,0
2,2005,60,1150,0
1,2005,60,1200,28.15,58.44,903,0,-6999,685.6,-6999,-6999,-.037,0,0,0,0
2,2005,60,1200,0
2,2005,60,1210,0
2,2005,60,1220,0
1,2005,60,1230,27.62,60.89,495.3,0,-6999,685.5,-6999,-6999,-.037,0,0,0,0
2,2005,60,1230,0
2,2005,60,1240,0
2,2005,60,1250,0
1,2005,60,1300,28.04,57.59,727,0,-6999,685.4,-6999,-6999,-.037,0,0,0,0
2,2005,60,1300,0
2,2005,60,1310,0
2,2005,60,1320,0
1,2005,60,1330,29.01,55.45,908,0,-6999,685.1,-6999,-6999,-.037,0,0,0,0
2,2005,60,1330,0
2,2005,60,1340,0
2,2005,60,1350,0
1,2005,60,1400,28.62,56.92,672.8,0,-6999,684.8,-6999,-6999,-.037,0,0,0,0
2,2005,60,1400,0
2,2005,60,1410,0
2,2005,60,1420,0
1,2005,60,1430,28.9,55,792,0,-6999,684.4,-6999,-6999,-.037,0,0,0,0
2,2005,60,1430,0
2,2005,60,1440,0
2,2005,60,1450,0
1,2005,60,1500,28.98,53.69,659.8,161.3,-6999,684,-6999,-6999,-.037,0,0,0,0
2,2005,60,1500,0
2,2005,60,1510,0
2,2005,60,1520,0
1,2005,60,1530,29.03,51.82,619.8,1345,-6999,683.7,-6999,-6999,-.037,0,0,0,0
2,2005,60,1530,0
2,2005,60,1540,0
2,2005,60,1550,0
1,2005,60,1600,29.13,52.08,554.9,2156,-6999,683.5,-6999,-6999,-.037,0,0,0,0
2,2005,60,1600,0
2,2005,60,1610,0
2,2005,60,1620,0
1,2005,60,1630,28.88,51.88,458.2,1731,-6999,683.4,-6999,-6999,-.037,0,0,0,0
2,2005,60,1630,0
2,2005,60,1640,0
2,2005,60,1650,0
1,2005,60,1700,28.17,56.13,327.3,938,-6999,683.3,-6999,-6999,-.037,0,0,0,0
2,2005,60,1700,0
2,2005,60,1710,0
2,2005,60,1720,0
1,2005,60,1730,27.3,60.48,239.3,2551,-6999,683.2,-6999,-6999,-.037,0,0,0,0
2,2005,60,1730,0
2,2005,60,1740,0
2,2005,60,1750,0
1,2005,60,1800,26.42,62.41,139.3,2554,-6999,683.3,-6999,-6999,-.037,0,0,0,0
2,2005,60,1800,0
2,2005,60,1810,0
2,2005,60,1820,0
1,2005,60,1830,25.46,67.23,41.14,2080,-6999,683.4,-6999,-6999,-.037,0,0,0,0
2,2005,60,1830,0
2,2005,60,1840,0
2,2005,60,1850,0
1,2005,60,1900,24.53,70.3,5.86,1182,-6999,683.6,-6999,-6999,-.037,0,0,0,0
2,2005,60,1900,0
2,2005,60,1910,0
2,2005,60,1920,0
1,2005,60,1930,23.55,73.6,.014,200.3,-6999,683.9,-6999,-6999,-.037,0,0,0,0
2,2005,60,1930,0
2,2005,60,1940,0
2,2005,60,1950,0
1,2005,60,2000,22.46,78,.001,0,-6999,684.2,-6999,-6999,-.037,0,0,0,0
2,2005,60,2000,0
2,2005,60,2010,0
2,2005,60,2020,0
1,2005,60,2030,21.6,81.6,0,0,-6999,684.3,-6999,-6999,-.037,0,0,0,0
2,2005,60,2030,0
2,2005,60,2040,0
2,2005,60,2050,0
1,2005,60,2100,20.94,84,0,0,-6999,684.5,-6999,-6999,-.037,0,0,0,0
2,2005,60,2100,0
2,2005,60,2110,0
2,2005,60,2120,0
1,2005,60,2130,20.31,86.4,.001,486.8,-6999,684.7,-6999,-6999,-.037,0,0,0,0
2,2005,60,2130,0
2,2005,60,2140,0
2,2005,60,2150,0
1,2005,60,2200,19.81,89,0,1488,-6999,684.9,-6999,-6999,-.037,0,0,0,0
2,2005,60,2200,0
2,2005,60,2210,0
2,2005,60,2220,0
1,2005,60,2230,19.42,91.5,0,0,-6999,685,-6999,-6999,-.037,0,0,0,0
2,2005,60,2230,0
2,2005,60,2240,0
2,2005,60,2250,0
1,2005,60,2300,19.07,93.6,.001,215.7,-6999,685.2,-6999,-6999,-.037,0,0,0,0
2,2005,60,2300,0
2,2005,60,2310,0
2,2005,60,2320,0
1,2005,60,2330,18.9,94,0,0,-6999,685.3,-6999,-6999,-.037,0,0,0,0
2,2005,60,2330,0
2,2005,60,2340,0
2,2005,60,2350,0
1,2005,60,2400,18.7,95,0,0,-6999,685.3,-6999,-6999,-.037,0,0,0,0
2,2005,60,2400,0
3,2005,60,2400,29.61,18.53,23.77,102.2,221,48.63,1559,78.4,-6999,0,-6999,0,-6999,.1
2,2005,61,10,0
2,2005,61,20,0
1,2005,61,30,18.57,95.7,0,683.4,-6999,685.2,-6999,-6999,-.037,0,0,0,0
2,2005,61,30,0
2,2005,61,40,0
2,2005,61,50,0
1,2005,61,100,18.36,96.6,0,0,-6999,685.1,-6999,-6999,-.037,0,0,0,0
2,2005,61,100,0
2,2005,61,110,0
2,2005,61,120,0
1,2005,61,130,18.22,96.8,0,0,-6999,685.1,-6999,-6999,-.037,0,0,0,0
2,2005,61,130,0
2,2005,61,140,0
2,2005,61,150,0
1,2005,61,200,18.22,96.1,0,0,-6999,685,-6999,-6999,-.037,0,0,0,0
2,2005,61,200,0
2,2005,61,210,0
2,2005,61,220,0
1,2005,61,230,18.21,96,0,0,-6999,685,-6999,-6999,-.037,0,0,0,0
2,2005,61,230,0
2,2005,61,240,0
2,2005,61,250,0
1,2005,61,300,17.97,97.5,0,0,-6999,684.8,-6999,-6999,-.037,0,0,0,0
2,2005,61,300,0
2,2005,61,310,0
2,2005,61,320,0
1,2005,61,330,17.73,98.9,0,0,-6999,684.7,-6999,-6999,-.037,0,0,0,0
2,2005,61,330,0
2,2005,61,340,0
2,2005,61,350,0
1,2005,61,400,17.58,99.6,0,0,-6999,684.7,-6999,-6999,-.037,0,0,0,0
2,2005,61,400,0
2,2005,61,410,0
2,2005,61,420,0
1,2005,61,430,17.44,100.1,0,0,-6999,684.7,-6999,-6999,-.037,0,0,0,0
2,2005,61,430,0
2,2005,61,440,0
2,2005,61,450,0
1,2005,61,500,17.33,100.3,0,0,-6999,684.7,-6999,-6999,-.037,0,0,0,0
2,2005,61,500,0
2,2005,61,510,0
2,2005,61,520,0
1,2005,61,530,17.3,100.1,.001,0,-6999,684.8,-6999,-6999,-.037,0,0,0,0
2,2005,61,530,0
2,2005,61,540,0
2,2005,61,550,0
1,2005,61,600,17.24,100.3,.036,0,-6999,685.1,-6999,-6999,-.037,0,0,0,0
2,2005,61,600,0
2,2005,61,610,0
2,2005,61,620,0
1,2005,61,630,17.24,100.2,7.12,0,-6999,685.3,-6999,-6999,-.037,0,0,0,0
2,2005,61,630,0
2,2005,61,640,0
2,2005,61,650,0
1,2005,61,700,17.37,99.8,45.05,0,-6999,685.5,-6999,-6999,-.037,0,0,0,0
2,2005,61,700,0
2,2005,61,710,0
2,2005,61,720,0
1,2005,61,730,17.72,98.2,89.9,0,-6999,685.7,-6999,-6999,-.037,0,0,0,0
2,2005,61,730,0
2,2005,61,740,0
2,2005,61,750,0
1,2005,61,800,18.69,94,276.5,0,-6999,685.8,-6999,-6999,-.037,0,0,0,0
2,2005,61,800,0
2,2005,61,810,0
2,2005,61,820,0
1,2005,61,830,19.66,89.5,359.4,0,-6999,685.9,-6999,-6999,-.037,0,0,0,0
2,2005,61,830,0
2,2005,61,840,0
2,2005,61,850,0
1,2005,61,900,20.76,84.2,390.9,0,-6999,686.1,-6999,-6999,-.037,0,0,0,0
2,2005,61,900,0
2,2005,61,910,0
2,2005,61,920,0
1,2005,61,930,22.11,77.5,541.1,0,-6999,686.2,-6999,-6999,-.037,0,0,0,0
2,2005,61,930,0
2,2005,61,940,0
2,2005,61,950,0
1,2005,61,1000,23.26,73,689.7,0,-6999,686.3,-6999,-6999,-.037,0,0,0,0
2,2005,61,1000,0
2,2005,61,1010,0
2,2005,61,1020,0
1,2005,61,1030,24.01,71.2,734,0,-6999,686.4,-6999,-6999,-.037,0,0,0,0
2,2005,61,1030,0
2,2005,61,1040,0
2,2005,61,1050,0
1,2005,61,1100,24.48,69.74,758,0,-6999,686.2,-6999,-6999,-.037,0,0,0,0
2,2005,61,1100,0
2,2005,61,1110,0
2,2005,61,1120,0
1,2005,61,1130,24.53,69.35,663.5,0,-6999,686.1,-6999,-6999,-.037,0,0,0,0
2,2005,61,1130,0
2,2005,61,1140,0
2,2005,61,1150,0
1,2005,61,1200,24.76,68.53,647.9,0,-6999,686,-6999,-6999,-.037,0,0,0,0
2,2005,61,1200,0
2,2005,61,1210,0
2,2005,61,1220,0
1,2005,61,1230,25.68,65.9,789,0,-6999,685.8,-6999,-6999,-.037,0,0,0,0
2,2005,61,1230,0
2,2005,61,1240,0
2,2005,61,1250,0
1,2005,61,1300,26.11,63.43,727,0,-6999,685.6,-6999,-6999,-.037,0,0,0,0
2,2005,61,1300,0
2,2005,61,1310,0
2,2005,61,1320,0
1,2005,61,1330,26.46,62.22,707,0,-6999,685.5,-6999,-6999,-.037,0,0,0,0
2,2005,61,1330,0
2,2005,61,1340,0
2,2005,61,1350,0
1,2005,61,1400,26.17,62.89,484.8,0,-6999,685.3,-6999,-6999,-.037,0,0,0,0
2,2005,61,1400,0
2,2005,61,1410,0
2,2005,61,1420,0
1,2005,61,1430,26.12,63.1,514.1,0,-6999,685,-6999,-6999,-.037,0,0,0,0
2,2005,61,1430,0
2,2005,61,1440,0
2,2005,61,1450,0
1,2005,61,1500,26.35,62.33,533.3,0,-6999,684.7,-6999,-6999,-.037,0,0,0,0
2,2005,61,1500,0
2,2005,61,1510,0
2,2005,61,1520,0
1,2005,61,1530,26.64,61.68,559.1,0,-6999,684.3,-6999,-6999,-.037,0,0,0,0
2,2005,61,1530,0
2,2005,61,1540,0
2,2005,61,1550,0
1,2005,61,1600,26.8,60.26,485.7,25.04,-6999,684.1,-6999,-6999,-.037,0,0,0,0
2,2005,61,1600,0
2,2005,61,1610,0
2,2005,61,1620,0
1,2005,61,1630,25.91,61.99,345.7,783,-6999,684.1,-6999,-6999,-.037,0,0,0,0
2,2005,61,1630,0
2,2005,61,1640,0
2,2005,61,1650,0
1,2005,61,1700,25.89,63.09,297.3,290.9,-6999,684.1,-6999,-6999,-.037,0,0,0,0
2,2005,61,1700,0
2,2005,61,1710,0
2,2005,61,1720,0
1,2005,61,1730,25.32,63.48,224.8,1001,-6999,684,-6999,-6999,-.037,0,0,0,0
2,2005,61,1730,0
2,2005,61,1740,0
2,2005,61,1750,0
1,2005,61,1800,24.26,68.64,83.3,808,-6999,684.1,-6999,-6999,-.037,0,0,0,0
2,2005,61,1800,0
2,2005,61,1810,0
2,2005,61,1820,0
1,2005,61,1830,23.56,73.4,41.35,79.7,-6999,684.2,-6999,-6999,-.037,0,0,0,0
2,2005,61,1830,0
2,2005,61,1840,0
2,2005,61,1850,0
1,2005,61,1900,22.76,78.7,6.073,0,-6999,684.3,-6999,-6999,-.037,0,0,0,0
2,2005,61,1900,0
2,2005,61,1910,0
2,2005,61,1920,0
1,2005,61,1930,22.04,80.9,.008,0,-6999,684.7,-6999,-6999,-.037,0,0,0,0
2,2005,61,1930,0
2,2005,61,1940,0
2,2005,61,1950,0
1,2005,61,2000,21.34,81.3,0,0,-6999,684.8,-6999,-6999,-.037,0,0,0,0
2,2005,61,2000,0
2,2005,61,2010,0
2,2005,61,2020,0
1,2005,61,2030,20.6,82.8,0,0,-6999,685,-6999,-6999,-.037,0,0,0,0
2,2005,61,2030,0
2,2005,61,2040,0
2,2005,61,2050,0
1,2005,61,2100,19.91,84.6,.001,4.023,-6999,685.3,-6999,-6999,-.037,0,0,0,0
2,2005,61,2100,0
2,2005,61,2110,0
2,2005,61,2120,0
1,2005,61,2130,19.44,86,.001,873,-6999,685.7,-6999,-6999,-.037,0,0,0,0
2,2005,61,2130,0
2,2005,61,2140,0
2,2005,61,2150,0
1,2005,61,2200,18.95,87.5,0,783,-6999,685.9,-6999,-6999,-.037,0,0,0,0
2,2005,61,2200,0
2,2005,61,2210,0
2,2005,61,2220,0
1,2005,61,2230,18.55,90.3,0,0,-6999,686.1,-6999,-6999,-.037,0,0,0,0
2,2005,61,2230,0
2,2005,61,2240,0
2,2005,61,2250,0
1,2005,61,2300,18.15,93.3,0,0,-6999,686.3,-6999,-6999,-.037,0,0,0,0
2,2005,61,2300,0
2,2005,61,2310,0
2,2005,61,2320,0
1,2005,61,2330,17.82,94.5,0,0,-6999,686.3,-6999,-6999,-.037,0,0,0,0
2,2005,61,2330,0
2,2005,61,2340,0
2,2005,61,2350,0
1,2005,61,2400,17.52,95.5,0,0,-6999,686.2,-6999,-6999,-.037,0,0,0,0
2,2005,61,2400,0
3,2005,61,2400,27.4,17.13,21.27,100.5,604,57.56,1543,82.5,-6999,0,-6999,0,-6999,0
2,2005,62,10,0
2,2005,62,20,0
1,2005,62,30,17.2,96.1,0,0,-6999,686.2,-6999,-6999,-.037,0,0,0,0
2,2005,62,30,0
2,2005,62,40,0
2,2005,62,50,0
1,2005,62,100,17.08,95,0,0,-6999,686.1,-6999,-6999,-.037,0,0,0,0
2,2005,62,100,0
2,2005,62,110,0
2,2005,62,120,0
1,2005,62,130,16.88,95.2,0,0,-6999,686,-6999,-6999,-.037,0,0,0,0
2,2005,62,130,0
2,2005,62,140,0
2,2005,62,150,0
1,2005,62,200,16.82,95.2,0,0,-6999,685.8,-6999,-6999,-.037,0,0,0,0
2,2005,62,200,0
2,2005,62,210,0
2,2005,62,220,0
1,2005,62,230,16.84,95.1,0,0,-6999,685.6,-6999,-6999,-.037,0,0,0,0
2,2005,62,230,0
2,2005,62,240,0
2,2005,62,250,0
1,2005,62,300,16.74,95.4,0,0,-6999,685.5,-6999,-6999,-.037,0,0,0,0
2,2005,62,300,0
2,2005,62,310,0
2,2005,62,320,0
1,2005,62,330,16.57,95.9,0,0,-6999,685.2,-6999,-6999,-.037,0,0,0,0
2,2005,62,330,0
2,2005,62,340,0
2,2005,62,350,0
1,2005,62,400,16.46,96.1,0,0,-6999,684.9,-6999,-6999,-.037,0,0,0,0
2,2005,62,400,0
2,2005,62,410,0
2,2005,62,420,0
1,2005,62,430,16.49,96,0,0,-6999,684.8,-6999,-6999,-.037,0,0,0,0
2,2005,62,430,0
2,2005,62,440,0
2,2005,62,450,0
1,2005,62,500,16.46,95.9,0,0,-6999,684.8,-6999,-6999,-.037,0,0,0,0
2,2005,62,500,0
2,2005,62,510,0
2,2005,62,520,0
1,2005,62,530,16.27,95.2,0,0,-6999,684.9,-6999,-6999,-.037,0,0,0,0
2,2005,62,530,0
2,2005,62,540,0
2,2005,62,550,0
1,2005,62,600,15.99,95.2,0,0,-6999,684.9,-6999,-6999,-.037,0,0,0,0
2,2005,62,600,0
2,2005,62,610,0
2,2005,62,620,0
1,2005,62,630,15.96,95.3,2.895,0,-6999,685.1,-6999,-6999,-.037,0,0,0,0
2,2005,62,630,0
2,2005,62,640,0
2,2005,62,650,0
1,2005,62,700,16.03,95,26.91,0,-6999,685.2,-6999,-6999,-.037,0,0,0,0
2,2005,62,700,0
2,2005,62,710,0
2,2005,62,720,0
1,2005,62,730,16.47,93.2,62.07,0,-6999,685.6,-6999,-6999,-.037,0,0,0,0
2,2005,62,730,0
2,2005,62,740,0
2,2005,62,750,0
1,2005,62,800,16.75,92,89.5,0,-6999,685.8,-6999,-6999,-.037,0,0,0,0
2,2005,62,800,0
2,2005,62,810,0
2,2005,62,820,0
1,2005,62,830,17.38,89.7,161.8,0,-6999,685.9,-6999,-6999,-.037,0,0,0,0
2,2005,62,830,0
2,2005,62,840,0
2,2005,62,850,0
1,2005,62,900,17.87,88.3,211.1,0,-6999,686.3,-6999,-6999,-.037,0,0,0,0
2,2005,62,900,0
2,2005,62,910,0
2,2005,62,920,0
1,2005,62,930,18.66,86,310.5,0,-6999,686.4,-6999,-6999,-.037,0,0,0,0
2,2005,62,930,0
2,2005,62,940,0
2,2005,62,950,0
1,2005,62,1000,19.58,83.4,301.5,0,-6999,686.6,-6999,-6999,-.037,0,0,0,0
2,2005,62,1000,0
2,2005,62,1010,0
2,2005,62,1020,0
1,2005,62,1030,20.05,81.9,281.8,0,-6999,686.8,-6999,-6999,-.037,0,0,0,0
2,2005,62,1030,0
2,2005,62,1040,0
2,2005,62,1050,0
1,2005,62,1100,20.11,82.1,240.5,0,-6999,686.9,-6999,-6999,-.037,0,0,0,0
2,2005,62,1100,0
2,2005,62,1110,0
2,2005,62,1120,0
1,2005,62,1130,20.12,82.7,220.4,0,-6999,687,-6999,-6999,-.037,0,0,0,0
2,2005,62,1130,0
2,2005,62,1140,0
2,2005,62,1150,0
1,2005,62,1200,20.51,82.2,201.8,0,-6999,686.9,-6999,-6999,-.037,0,0,0,0
2,2005,62,1200,0
2,2005,62,1210,0
2,2005,62,1220,0
1,2005,62,1230,21.07,81.1,294.8,0,-6999,686.8,-6999,-6999,-.037,0,0,0,0
2,2005,62,1230,0
2,2005,62,1240,0
2,2005,62,1250,0
1,2005,62,1300,21.96,77.4,498.6,0,-6999,686.7,-6999,-6999,-.037,0,0,0,0
2,2005,62,1300,0
2,2005,62,1310,0
2,2005,62,1320,0
1,2005,62,1330,22.47,75,617.3,0,-6999,686.5,-6999,-6999,-.037,0,0,0,0
2,2005,62,1330,0
2,2005,62,1340,0
2,2005,62,1350,0
1,2005,62,1400,23.4,71.6,722,0,-6999,686.3,-6999,-6999,-.037,0,0,0,0
2,2005,62,1400,0
2,2005,62,1410,0
2,2005,62,1420,0
1,2005,62,1430,22.67,73.2,364.4,0,-6999,686,-6999,-6999,-.037,0,0,0,0
2,2005,62,1430,0
2,2005,62,1440,0
2,2005,62,1450,0
1,2005,62,1500,22.52,73.1,232,0,-6999,686,-6999,-6999,-.037,0,0,0,0
2,2005,62,1500,0
2,2005,62,1510,0
2,2005,62,1520,0
1,2005,62,1530,22.6,73.9,301.6,0,-6999,685.9,-6999,-6999,-.037,0,0,0,0
2,2005,62,1530,0
2,2005,62,1540,0
2,2005,62,1550,0
1,2005,62,1600,22.38,75.2,222.4,0,-6999,685.9,-6999,-6999,-.037,0,0,0,0
2,2005,62,1600,0
2,2005,62,1610,0
2,2005,62,1620,0
1,2005,62,1630,22.14,75.7,195.1,0,-6999,685.7,-6999,-6999,-.037,0,0,0,0
2,2005,62,1630,0
2,2005,62,1640,0
2,2005,62,1650,0
1,2005,62,1700,21.65,77.5,205.1,0,-6999,685.6,-6999,-6999,-.037,0,0,0,0
2,2005,62,1700,0
2,2005,62,1710,0
2,2005,62,1720,0
1,2005,62,1730,21.38,79.3,227.2,0,-6999,685.8,-6999,-6999,-.037,0,0,0,0
2,2005,62,1730,0
2,2005,62,1740,0
2,2005,62,1750,0
1,2005,62,1800,20.69,81.1,94.5,0,-6999,685.7,-6999,-6999,-.037,0,0,0,0
2,2005,62,1800,0
2,2005,62,1810,0
2,2005,62,1820,0
1,2005,62,1830,20.09,81.8,46.84,0,-6999,685.8,-6999,-6999,-.037,0,0,0,0
2,2005,62,1830,0
2,2005,62,1840,0
2,2005,62,1850,0
1,2005,62,1900,19.56,85.5,5.678,0,-6999,685.9,-6999,-6999,-.037,0,0,0,0
2,2005,62,1900,0
2,2005,62,1910,0
2,2005,62,1920,0
1,2005,62,1930,18.92,89.8,.008,0,-6999,686.1,-6999,-6999,-.037,0,0,0,0
2,2005,62,1930,0
2,2005,62,1940,0
2,2005,62,1950,0
1,2005,62,2000,18.34,94,0,0,-6999,686.3,-6999,-6999,-.037,0,0,0,0
2,2005,62,2000,0
2,2005,62,2010,0
2,2005,62,2020,0
1,2005,62,2030,18.13,95.5,0,0,-6999,686.4,-6999,-6999,-.037,0,0,0,0
2,2005,62,2030,0
2,2005,62,2040,0
2,2005,62,2050,0
1,2005,62,2100,18.11,95.3,0,0,-6999,686.6,-6999,-6999,-.037,0,0,0,0
2,2005,62,2100,0
2,2005,62,2110,0
2,2005,62,2120,0
1,2005,62,2130,17.87,96.5,0,0,-6999,686.8,-6999,-6999,-.037,0,0,0,0
2,2005,62,2130,0
2,2005,62,2140,0
2,2005,62,2150,0
1,2005,62,2200,17.77,97.6,0,0,-6999,686.9,-6999,-6999,-.037,0,0,0,0
2,2005,62,2200,0
2,2005,62,2210,0
2,2005,62,2220,0
1,2005,62,2230,17.54,98.8,0,0,-6999,687.1,-6999,-6999,-.037,0,0,0,0
2,2005,62,2230,0
2,2005,62,2240,0
2,2005,62,2250,0
1,2005,62,2300,17.35,99.4,0,0,-6999,687,-6999,-6999,-.037,0,0,0,0
2,2005,62,2300,0
2,2005,62,2310,0
2,2005,62,2320,0
1,2005,62,2330,17.24,99.4,0,0,-6999,686.8,-6999,-6999,-.037,0,0,0,0
2,2005,62,2330,0
2,2005,62,2340,0
2,2005,62,2350,0
1,2005,62,2400,17.1,100,0,0,-6999,686.8,-6999,-6999,-.037,0,0,0,0
2,2005,62,2400,0
3,2005,62,2400,23.95,15.85,18.8,100.4,2359,68.58,1352,88.5,-6999,0,-6999,0,-6999,0
2,2005,63,10,0
2,2005,63,20,0
1,2005,63,30,16.96,100.4,0,0,-6999,686.6,-6999,-6999,-.037,0,0,0,0
2,2005,63,30,0
2,2005,63,40,0
2,2005,63,50,0
1,2005,63,100,16.72,100.5,0,0,-6999,686.3,-6999,-6999,-.037,0,0,0,0
2,2005,63,100,0
2,2005,63,110,0
2,2005,63,120,0
1,2005,63,130,16.54,101.4,0,0,-6999,686.3,-6999,-6999,-.037,0,0,0,0
2,2005,63,130,0
2,2005,63,140,0
2,2005,63,150,0
1,2005,63,200,16.72,101.9,0,0,-6999,686.1,-6999,-6999,-.037,0,0,0,0
2,2005,63,200,0
2,2005,63,210,0
2,2005,63,220,0
1,2005,63,230,16.55,101.9,0,0,-6999,685.9,-6999,-6999,-.037,0,0,0,0
2,2005,63,230,0
2,2005,63,240,0
2,2005,63,250,0
1,2005,63,300,16.39,102,0,0,-6999,685.7,-6999,-6999,-.037,0,0,0,0
2,2005,63,300,0
2,2005,63,310,0
2,2005,63,320,0
1,2005,63,330,16.32,102.2,0,0,-6999,685.5,-6999,-6999,-.037,0,0,0,0
2,2005,63,330,0
2,2005,63,340,0
2,2005,63,350,0
1,2005,63,400,16.34,102.2,0,0,-6999,685.6,-6999,-6999,-.037,0,0,0,0
2,2005,63,400,0
2,2005,63,410,0
2,2005,63,420,0
1,2005,63,430,16.27,102.3,0,0,-6999,685.6,-6999,-6999,-.037,0,0,0,0
2,2005,63,430,0
2,2005,63,440,0
2,2005,63,450,0
1,2005,63,500,16.15,102.3,.002,0,-6999,685.6,-6999,-6999,-.037,0,0,0,0
2,2005,63,500,0
2,2005,63,510,0
2,2005,63,520,0
1,2005,63,530,16.06,102.4,.001,0,-6999,685.7,-6999,-6999,-.037,0,0,0,0
2,2005,63,530,0
2,2005,63,540,0
2,2005,63,550,0
1,2005,63,600,15.92,102.4,.016,0,-6999,685.7,-6999,-6999,-.037,0,0,0,0
2,2005,63,600,0
2,2005,63,610,0
2,2005,63,620,0
1,2005,63,630,15.74,102.6,4.747,0,-6999,685.7,-6999,-6999,-.037,0,0,0,0
2,2005,63,630,0
2,2005,63,640,0
2,2005,63,650,0
1,2005,63,700,15.85,102.6,70.4,0,-6999,686,-6999,-6999,-.037,0,0,0,0
2,2005,63,700,0
2,2005,63,710,0
2,2005,63,720,0
1,2005,63,730,16.58,101.2,174.2,0,-6999,686.1,-6999,-6999,-.037,0,0,0,0
2,2005,63,730,0
2,2005,63,740,0
2,2005,63,750,0
1,2005,63,800,18.19,94.5,297.1,0,-6999,686.2,-6999,-6999,-.037,0,0,0,0
2,2005,63,800,0
2,2005,63,810,0
2,2005,63,820,0
1,2005,63,830,19.47,88.8,404.7,0,-6999,686.4,-6999,-6999,-.037,0,0,0,0
2,2005,63,830,0
2,2005,63,840,0
2,2005,63,850,0
1,2005,63,900,20.52,83.7,508.3,0,-6999,686.5,-6999,-6999,-.037,0,0,0,0
2,2005,63,900,0
2,2005,63,910,0
2,2005,63,920,0
1,2005,63,930,21.64,78.5,604.6,0,-6999,686.6,-6999,-6999,-.037,0,0,0,0
2,2005,63,930,0
2,2005,63,940,0
2,2005,63,950,0
1,2005,63,1000,22.38,75.1,647.3,0,-6999,686.7,-6999,-6999,-.037,0,0,0,0
2,2005,63,1000,0
2,2005,63,1010,0
2,2005,63,1020,0
1,2005,63,1030,23,70.7,668.2,0,-6999,686.7,-6999,-6999,-.037,0,0,0,0
2,2005,63,1030,0
2,2005,63,1040,0
2,2005,63,1050,0
1,2005,63,1100,23.5,67.28,862,0,-6999,686.5,-6999,-6999,-.037,0,0,0,0
2,2005,63,1100,0
2,2005,63,1110,0
2,2005,63,1120,0
1,2005,63,1130,24.35,64.4,913,0,-6999,686.4,-6999,-6999,-.037,0,0,0,0
2,2005,63,1130,0
2,2005,63,1140,0
2,2005,63,1150,0
1,2005,63,1200,24.8,62.37,623.9,0,-6999,686.2,-6999,-6999,-.037,0,0,0,0
2,2005,63,1200,0
2,2005,63,1210,0
2,2005,63,1220,0
1,2005,63,1230,24.75,62.08,507.4,0,-6999,686,-6999,-6999,-.037,0,0,0,0
2,2005,63,1230,0
2,2005,63,1240,0
2,2005,63,1250,0
1,2005,63,1300,24.64,62.08,539.7,0,-6999,685.8,-6999,-6999,-.037,0,0,0,0
2,2005,63,1300,0
2,2005,63,1310,0
2,2005,63,1320,0
1,2005,63,1330,25.94,59.11,825,0,-6999,685.5,-6999,-6999,-.037,0,0,0,0
2,2005,63,1330,0
2,2005,63,1340,0
2,2005,63,1350,0
1,2005,63,1400,25.48,59.73,307.9,0,-6999,685.3,-6999,-6999,-.037,0,0,0,0
2,2005,63,1400,0
2,2005,63,1410,0
