10,2004,317,1430,23.39,53.93,828,130.4,-6999,681.7,-6999,-6999,-.037,.2,.2,.2,166.7
20,2004,317,1430,0
20,2004,317,1440,0
20,2004,317,1450,0
10,2004,317,1500,23.53,52.15,706,732,-6999,681.6,-6999,-6999,-.037,.2,.2,.2,147.2
20,2004,317,1500,0
20,2004,317,1510,0
20,2004,317,1520,0
10,2004,317,1530,23.49,51.74,566.4,1874,-6999,681.4,-6999,-6999,-.037,.2,.2,.2,147.9
20,2004,317,1530,0
20,2004,317,1540,0
20,2004,317,1550,0
10,2004,317,1600,23.86,47.34,568.6,2449,-6999,681.4,-6999,-6999,-.037,.2,.2,.2,147.2
20,2004,317,1600,0
20,2004,317,1610,0
20,2004,317,1620,0
10,2004,317,1630,23.8,45.6,509.2,400.4,-6999,681.4,-6999,-6999,-.037,.2,.2,.2,117.5
20,2004,317,1630,0
20,2004,317,1640,0
20,2004,317,1650,0
10,2004,317,1700,23.61,44.69,410.2,0,-6999,681.4,-6999,-6999,-.037,.2,.2,.2,134.6
20,2004,317,1700,0
20,2004,317,1710,0
20,2004,317,1720,0
10,2004,317,1730,23.07,46.72,294.3,0,-6999,681.5,-6999,-6999,-.037,.2,.2,.2,118.5
20,2004,317,1730,0
20,2004,317,1740,0
20,2004,317,1750,0
10,2004,317,1800,22.53,49.27,156.1,0,-6999,681.6,-6999,-6999,-.037,.2,.2,.2,181.6
20,2004,317,1800,0
20,2004,317,1810,0
20,2004,317,1820,0
10,2004,317,1830,21.88,52.62,71.4,0,-6999,681.7,-6999,-6999,-.037,.2,.2,.2,147.8
20,2004,317,1830,0
20,2004,317,1840,0
20,2004,317,1850,0
10,2004,317,1900,20.93,58.03,8.03,0,-6999,681.8,-6999,-6999,-.037,.2,.2,.2,163.8
20,2004,317,1900,0
20,2004,317,1910,0
20,2004,317,1920,0
10,2004,317,1930,20.27,61.42,.432,0,-6999,682,-6999,-6999,-.037,.2,.2,.2,178.8
20,2004,317,1930,0
20,2004,317,1940,0
20,2004,317,1950,0
10,2004,317,2000,19.78,63.88,.007,0,-6999,682.2,-6999,-6999,-.037,.2,.2,.2,172.2
20,2004,317,2000,0
20,2004,317,2010,0
20,2004,317,2020,0
10,2004,317,2030,19.57,62.34,.003,0,-6999,682.5,-6999,-6999,-.037,.2,.2,.2,157.7
20,2004,317,2030,0
20,2004,317,2040,0
20,2004,317,2050,0
10,2004,317,2100,19.32,62.33,.003,0,-6999,682.8,-6999,-6999,-.037,.2,.2,.2,218.8
20,2004,317,2100,0
20,2004,317,2110,0
20,2004,317,2120,0
10,2004,317,2130,18.95,63.33,.002,0,-6999,682.9,-6999,-6999,-.037,.2,.2,.2,86.8
20,2004,317,2130,0
20,2004,317,2140,0
20,2004,317,2150,0
10,2004,317,2200,18.62,63.84,.01,0,-6999,683.1,-6999,-6999,-.037,.2,.2,.2,74.2
20,2004,317,2200,0
20,2004,317,2210,0
20,2004,317,2220,0
10,2004,317,2230,17.81,68.02,.028,546.8,-6999,683.3,-6999,-6999,-.037,.2,.2,.2,318.7
20,2004,317,2230,0
20,2004,317,2240,0
20,2004,317,2250,0
10,2004,317,2300,17.2,70.6,.018,51.33,-6999,683.5,-6999,-6999,-.037,.2,.2,.2,304.9
20,2004,317,2300,0
20,2004,317,2310,0
20,2004,317,2320,0
10,2004,317,2330,16.65,72.6,.015,494.5,-6999,683.5,-6999,-6999,-.037,.2,.2,.2,232.5
20,2004,317,2330,0
20,2004,317,2340,0
20,2004,317,2350,0
10,2004,317,2400,16.62,70.5,.005,323.7,-6999,683.4,-6999,-6999,-.037,.2,.2,.2,240.4
20,2004,317,2400,0
3,2004,317,2400,24.19,15.45,19.39,99.1,333,38.44,1644,74.1,-6999,0,-6999,0,-6999,1.4
20,2004,318,10,0
20,2004,318,20,0
10,2004,318,30,16.43,69.8,.003,2724,-6999,683.3,-6999,-6999,-.037,.2,.2,.2,252.5
20,2004,318,30,0
20,2004,318,40,0
20,2004,318,50,0
10,2004,318,100,16.1,69.24,0,2031,-6999,683.2,-6999,-6999,-.037,.2,.2,.2,3.592
20,2004,318,100,0
20,2004,318,110,0
20,2004,318,120,0
10,2004,318,130,15.98,69.52,.002,2557,-6999,683.1,-6999,-6999,-.037,.2,.2,.2,24.49
20,2004,318,130,0
20,2004,318,140,0
20,2004,318,150,0
10,2004,318,200,15.63,71.7,.001,2188,-6999,683,-6999,-6999,-.037,.2,.2,.2,13.98
20,2004,318,200,0
20,2004,318,210,0
20,2004,318,220,0
10,2004,318,230,15.39,73.2,0,1460,-6999,682.9,-6999,-6999,-.037,.2,.2,.2,12.84
20,2004,318,230,0
20,2004,318,240,0
20,2004,318,250,0
10,2004,318,300,14.62,76.6,.005,1503,-6999,682.9,-6999,-6999,-.037,.2,.2,.2,14.67
20,2004,318,300,0
20,2004,318,310,0
20,2004,318,320,0
10,2004,318,330,14.35,77.5,.001,1836,-6999,682.8,-6999,-6999,-.037,.2,.2,.2,29.63
20,2004,318,330,0
20,2004,318,340,0
20,2004,318,350,0
10,2004,318,400,13.87,80.3,.001,1811,-6999,682.8,-6999,-6999,-.037,.2,.2,.2,354.5
20,2004,318,400,0
20,2004,318,410,0
20,2004,318,420,0
10,2004,318,430,13.18,83.9,0,2044,-6999,682.9,-6999,-6999,-.037,.2,.2,.2,354.6
20,2004,318,430,0
20,2004,318,440,0
20,2004,318,450,0
10,2004,318,500,13.1,85.5,0,1993,-6999,682.9,-6999,-6999,-.037,.2,.2,.2,354.6
20,2004,318,500,0
20,2004,318,510,0
20,2004,318,520,0
10,2004,318,530,13.19,85.3,.037,1653,-6999,683.1,-6999,-6999,-.037,.2,.2,.2,354.6
20,2004,318,530,0
20,2004,318,540,0
20,2004,318,550,0
10,2004,318,600,13.21,85,4.038,1294,-6999,683.2,-6999,-6999,-.037,.2,.2,.2,354.5
20,2004,318,600,0
20,2004,318,610,0
20,2004,318,620,0
10,2004,318,630,13.85,83.5,58.49,555.3,-6999,683.3,-6999,-6999,-.037,.2,.2,.2,38.96
20,2004,318,630,0
20,2004,318,640,0
20,2004,318,650,0
10,2004,318,700,17.65,68.23,187,0,-6999,683.6,-6999,-6999,-.037,.2,.2,.2,.323
20,2004,318,700,0
20,2004,318,710,0
20,2004,318,720,0
10,2004,318,730,19.39,62.76,294.6,0,-6999,683.9,-6999,-6999,-.037,.2,.2,.2,8.88
20,2004,318,730,0
20,2004,318,740,0
20,2004,318,750,0
10,2004,318,800,19.6,60.86,404.3,0,-6999,684.1,-6999,-6999,-.037,.2,.2,.2,6.919
20,2004,318,800,0
20,2004,318,810,0
20,2004,318,820,0
10,2004,318,830,20.3,59.19,509.6,0,-6999,684.3,-6999,-6999,-.037,.2,.2,.2,6.015
20,2004,318,830,0
20,2004,318,840,0
20,2004,318,850,0
10,2004,318,900,20.97,53.71,608.2,0,-6999,684.5,-6999,-6999,-.037,.2,.2,.2,357.5
20,2004,318,900,0
20,2004,318,910,0
20,2004,318,920,0
10,2004,318,930,21.44,48.56,697.3,0,-6999,684.7,-6999,-6999,-.037,.2,.2,.2,351.9
20,2004,318,930,0
20,2004,318,940,0
20,2004,318,950,0
10,2004,318,1000,21.76,48.09,775,0,-6999,684.9,-6999,-6999,-.037,.2,.2,.2,248.1
20,2004,318,1000,0
20,2004,318,1010,0
20,2004,318,1020,0
10,2004,318,1030,22.57,43.66,841,91.9,-6999,685,-6999,-6999,-.037,.2,.2,.2,347
20,2004,318,1030,0
20,2004,318,1040,0
20,2004,318,1050,0
10,2004,318,1100,23.11,39.77,894,970,-6999,684.9,-6999,-6999,-.037,.2,.2,.2,296.2
20,2004,318,1100,0
20,2004,318,1110,0
20,2004,318,1120,0
10,2004,318,1130,23.69,40.14,920,2251,-6999,684.9,-6999,-6999,-.037,.2,.2,.2,262.5
20,2004,318,1130,0
20,2004,318,1140,0
20,2004,318,1150,0
10,2004,318,1200,24.11,41.23,939,2779,-6999,684.9,-6999,-6999,-.037,.2,.2,.2,351.8
20,2004,318,1200,0
20,2004,318,1210,0
20,2004,318,1220,0
10,2004,318,1230,24.56,38.76,942,2624,-6999,684.7,-6999,-6999,-.037,.2,.2,.2,354.8
20,2004,318,1230,0
20,2004,318,1240,0
20,2004,318,1250,0
10,2004,318,1300,25.03,40.66,933,822,-6999,684.5,-6999,-6999,-.037,.2,.2,.2,324.9
20,2004,318,1300,0
20,2004,318,1310,0
20,2004,318,1320,0
10,2004,318,1330,25.58,39.96,913,0,-6999,684.4,-6999,-6999,-.037,.2,.2,.2,329.6
20,2004,318,1330,0
20,2004,318,1340,0
20,2004,318,1350,0
10,2004,318,1400,26.23,37.01,878,0,-6999,684.2,-6999,-6999,-.037,.2,.2,.2,321.4
20,2004,318,1400,0
20,2004,318,1410,0
20,2004,318,1420,0
10,2004,318,1430,26.41,33.92,829,0,-6999,683.9,-6999,-6999,-.037,.2,.2,.2,67.3
20,2004,318,1430,0
20,2004,318,1440,0
20,2004,318,1450,0
10,2004,318,1500,27.14,32.16,762,0,-6999,683.7,-6999,-6999,-.037,.2,.2,.2,2.638
20,2004,318,1500,0
20,2004,318,1510,0
20,2004,318,1520,0
10,2004,318,1530,27.5,30.48,685,0,-6999,683.6,-6999,-6999,-.037,.2,.2,.2,24.12
20,2004,318,1530,0
20,2004,318,1540,0
20,2004,318,1550,0
10,2004,318,1600,27.56,31.69,589.1,0,-6999,683.4,-6999,-6999,-.037,.2,.2,.2,8.77
20,2004,318,1600,0
20,2004,318,1610,0
20,2004,318,1620,0
10,2004,318,1630,26.72,37.51,494.2,0,-6999,683.3,-6999,-6999,-.037,.2,.2,.2,351.2
20,2004,318,1630,0
20,2004,318,1640,0
20,2004,318,1650,0
10,2004,318,1700,25.94,43.48,387.3,0,-6999,683.3,-6999,-6999,-.037,.2,.2,.2,346.1
20,2004,318,1700,0
20,2004,318,1710,0
20,2004,318,1720,0
10,2004,318,1730,25.62,44.04,283.8,0,-6999,683.3,-6999,-6999,-.037,.2,.2,.2,1.958
20,2004,318,1730,0
20,2004,318,1740,0
20,2004,318,1750,0
10,2004,318,1800,24.93,45.67,180,0,-6999,683.4,-6999,-6999,-.037,.2,.2,.2,3.124
20,2004,318,1800,0
20,2004,318,1810,0
20,2004,318,1820,0
10,2004,318,1830,23.88,48.58,71.2,0,-6999,683.6,-6999,-6999,-.037,.2,.2,.2,1.918
20,2004,318,1830,0
20,2004,318,1840,0
20,2004,318,1850,0
10,2004,318,1900,22.7,52.32,9.29,0,-6999,683.8,-6999,-6999,-.037,.2,.2,.2,4.167
20,2004,318,1900,0
20,2004,318,1910,0
20,2004,318,1920,0
10,2004,318,1930,21.82,53.59,.436,0,-6999,683.9,-6999,-6999,-.037,.2,.2,.2,2.384
20,2004,318,1930,0
20,2004,318,1940,0
20,2004,318,1950,0
10,2004,318,2000,21.26,55.37,0,0,-6999,684.1,-6999,-6999,-.037,.2,.2,.2,1.014
20,2004,318,2000,0
20,2004,318,2010,0
20,2004,318,2020,0
10,2004,318,2030,20.7,58.3,.002,0,-6999,684.3,-6999,-6999,-.037,.2,.2,.2,7.32
20,2004,318,2030,0
20,2004,318,2040,0
20,2004,318,2050,0
10,2004,318,2100,20.43,58.64,0,0,-6999,684.4,-6999,-6999,-.037,.2,.2,.2,2.842
20,2004,318,2100,0
20,2004,318,2110,0
20,2004,318,2120,0
10,2004,318,2130,19.92,62.3,.001,0,-6999,684.4,-6999,-6999,-.037,.2,.2,.2,4.377
20,2004,318,2130,0
20,2004,318,2140,0
20,2004,318,2150,0
10,2004,318,2200,18.43,76.1,.001,0,-6999,684.6,-6999,-6999,-.037,.2,.2,.2,358.4
20,2004,318,2200,0
20,2004,318,2210,0
20,2004,318,2220,0
10,2004,318,2230,17.69,80.8,.003,1496,-6999,684.8,-6999,-6999,-.037,.2,.2,.2,356.8
20,2004,318,2230,0
20,2004,318,2240,0
20,2004,318,2250,0
10,2004,318,2300,17.01,83.4,.008,1645,-6999,684.9,-6999,-6999,-.037,.2,.2,.2,355.7
20,2004,318,2300,0
20,2004,318,2310,0
20,2004,318,2320,0
10,2004,318,2330,16.32,85.8,.012,196.9,-6999,685.1,-6999,-6999,-.037,.2,.2,.2,.076
20,2004,318,2330,0
20,2004,318,2340,0
20,2004,318,2350,0
10,2004,318,2400,15.83,87.5,.019,0,-6999,685.1,-6999,-6999,-.037,.2,.2,.2,.36
20,2004,318,2400,0
3,2004,318,2400,27.98,12.91,20.26,88.5,2353,26.33,1536,59.07,-6999,0,-6999,0,-6999,0
20,2004,319,10,0
20,2004,319,20,0
10,2004,319,30,15.59,87.9,.025,0,-6999,685.2,-6999,-6999,-.037,.2,.2,.2,356.6
20,2004,319,30,0
20,2004,319,40,0
20,2004,319,50,0
10,2004,319,100,15.21,89.7,.014,0,-6999,685,-6999,-6999,-.037,.2,.2,.2,359.3
20,2004,319,100,0
20,2004,319,110,0
20,2004,319,120,0
10,2004,319,130,14.85,91.2,.016,0,-6999,684.9,-6999,-6999,-.037,.2,.2,.2,359.2
20,2004,319,130,0
20,2004,319,140,0
20,2004,319,150,0
10,2004,319,200,14.62,92,.014,0,-6999,684.8,-6999,-6999,-.037,.2,.2,.2,.019
20,2004,319,200,0
20,2004,319,210,0
20,2004,319,220,0
10,2004,319,230,14.43,92.8,.006,0,-6999,684.5,-6999,-6999,-.037,.2,.2,.2,359
20,2004,319,230,0
20,2004,319,240,0
20,2004,319,250,0
10,2004,319,300,14.17,93.6,.021,0,-6999,684.5,-6999,-6999,-.037,.2,.2,.2,357.5
20,2004,319,300,0
20,2004,319,310,0
20,2004,319,320,0
10,2004,319,330,13.69,96,.014,0,-6999,684.4,-6999,-6999,-.037,.2,.2,.2,6.399
20,2004,319,330,0
20,2004,319,340,0
20,2004,319,350,0
10,2004,319,400,13.62,96.2,.005,0,-6999,684.5,-6999,-6999,-.037,.2,.2,.2,3.806
20,2004,319,400,0
20,2004,319,410,0
20,2004,319,420,0
10,2004,319,430,13.77,95,.01,0,-6999,684.5,-6999,-6999,-.037,.2,.2,.2,358.6
20,2004,319,430,0
20,2004,319,440,0
20,2004,319,450,0
10,2004,319,500,13.78,94.3,.007,0,-6999,684.7,-6999,-6999,-.037,.2,.2,.2,2.283
20,2004,319,500,0
20,2004,319,510,0
20,2004,319,520,0
10,2004,319,530,13.8,94.1,.057,0,-6999,684.8,-6999,-6999,-.037,.2,.2,.2,353.2
20,2004,319,530,0
20,2004,319,540,0
20,2004,319,550,0
10,2004,319,600,13.72,94.7,3.942,0,-6999,685,-6999,-6999,-.037,.2,.2,.2,354.7
20,2004,319,600,0
20,2004,319,610,0
20,2004,319,620,0
10,2004,319,630,14.02,93.9,55.92,0,-6999,685.2,-6999,-6999,-.037,.2,.2,.2,341.4
20,2004,319,630,0
20,2004,319,640,0
20,2004,319,650,0
10,2004,319,700,15.5,88.7,175.1,0,-6999,685.5,-6999,-6999,-.037,.2,.2,.2,332
20,2004,319,700,0
20,2004,319,710,0
20,2004,319,720,0
10,2004,319,730,16.93,83.3,286.5,0,-6999,685.7,-6999,-6999,-.037,.2,.2,.2,338.7
20,2004,319,730,0
20,2004,319,740,0
20,2004,319,750,0
10,2004,319,800,18.2,79.5,394,0,-6999,685.8,-6999,-6999,-.037,.2,.2,.2,342.7
20,2004,319,800,0
20,2004,319,810,0
20,2004,319,820,0
10,2004,319,830,19.48,75,500.9,0,-6999,685.9,-6999,-6999,-.037,.2,.2,.2,337.5
20,2004,319,830,0
20,2004,319,840,0
20,2004,319,850,0
10,2004,319,900,20.93,69.51,597.5,0,-6999,686.2,-6999,-6999,-.037,.2,.2,.2,301.8
20,2004,319,900,0
20,2004,319,910,0
20,2004,319,920,0
10,2004,319,930,21.73,66.26,685.3,0,-6999,686.3,-6999,-6999,-.037,.2,.2,.2,307.8
20,2004,319,930,0
20,2004,319,940,0
20,2004,319,950,0
10,2004,319,1000,22.24,64.02,771,0,-6999,686.4,-6999,-6999,-.037,.2,.2,.2,324.4
20,2004,319,1000,0
20,2004,319,1010,0
20,2004,319,1020,0
10,2004,319,1030,23.26,61.33,823,0,-6999,686.4,-6999,-6999,-.037,.2,.2,.2,327.2
20,2004,319,1030,0
20,2004,319,1040,0
20,2004,319,1050,0
10,2004,319,1100,24.11,58.72,881,0,-6999,686.4,-6999,-6999,-.037,.2,.2,.2,332.7
20,2004,319,1100,0
20,2004,319,1110,0
20,2004,319,1120,0
10,2004,319,1130,24.44,57.67,890,0,-6999,686.3,-6999,-6999,-.037,.2,.2,.2,317.7
20,2004,319,1130,0
20,2004,319,1140,0
20,2004,319,1150,0
10,2004,319,1200,25.17,56.43,910,0,-6999,686.3,-6999,-6999,-.037,.2,.2,.2,317.4
20,2004,319,1200,0
20,2004,319,1210,0
20,2004,319,1220,0
10,2004,319,1230,25.74,54.45,940,0,-6999,686,-6999,-6999,-.037,.2,.2,.2,298.6
20,2004,319,1230,0
20,2004,319,1240,0
20,2004,319,1250,0
10,2004,319,1300,26.5,51.75,935,0,-6999,685.7,-6999,-6999,-.037,.2,.2,.2,316.3
20,2004,319,1300,0
20,2004,319,1310,0
20,2004,319,1320,0
10,2004,319,1330,27.04,49.1,910,17.33,-6999,685.4,-6999,-6999,-.037,.2,.2,.2,309.7
20,2004,319,1330,0
20,2004,319,1340,0
20,2004,319,1350,0
10,2004,319,1400,27.56,46.05,813,783,-6999,685.2,-6999,-6999,-.037,.2,.2,.2,249.4
20,2004,319,1400,0
20,2004,319,1410,0
20,2004,319,1420,0
10,2004,319,1430,27.73,45.74,675.2,1533,-6999,685,-6999,-6999,-.037,.2,.2,.2,267
20,2004,319,1430,0
20,2004,319,1440,0
20,2004,319,1450,0
10,2004,319,1500,27.72,44.43,553.2,2086,-6999,684.7,-6999,-6999,-.037,.2,.2,.2,248.4
20,2004,319,1500,0
20,2004,319,1510,0
20,2004,319,1520,0
10,2004,319,1530,27.65,43.79,512.5,333,-6999,684.5,-6999,-6999,-.037,.2,.2,.2,311
20,2004,319,1530,0
20,2004,319,1540,0
20,2004,319,1550,0
10,2004,319,1600,27.84,43.37,538.5,0,-6999,684.1,-6999,-6999,-.037,.2,.2,.2,304
20,2004,319,1600,0
20,2004,319,1610,0
20,2004,319,1620,0
10,2004,319,1630,28.07,41.3,511.2,0,-6999,683.9,-6999,-6999,-.037,.2,.2,.2,333.4
20,2004,319,1630,0
20,2004,319,1640,0
20,2004,319,1650,0
10,2004,319,1700,28.35,41.17,407.2,0,-6999,683.8,-6999,-6999,-.037,.2,.2,.2,333.1
20,2004,319,1700,0
20,2004,319,1710,0
20,2004,319,1720,0
10,2004,319,1730,27.77,46.23,284.6,0,-6999,683.8,-6999,-6999,-.037,.2,.2,.2,348
20,2004,319,1730,0
20,2004,319,1740,0
20,2004,319,1750,0
10,2004,319,1800,26.99,47.92,181.8,0,-6999,683.7,-6999,-6999,-.037,.2,.2,.2,344.7
20,2004,319,1800,0
20,2004,319,1810,0
20,2004,319,1820,0
10,2004,319,1830,26.14,50.35,72.3,0,-6999,683.8,-6999,-6999,-.037,.2,.2,.2,347.6
20,2004,319,1830,0
20,2004,319,1840,0
20,2004,319,1850,0
10,2004,319,1900,24.92,54.39,9.41,0,-6999,683.8,-6999,-6999,-.037,.2,.2,.2,354.6
20,2004,319,1900,0
20,2004,319,1910,0
20,2004,319,1920,0
10,2004,319,1930,23.99,58.09,.447,0,-6999,683.7,-6999,-6999,-.037,.2,.2,.2,358.9
20,2004,319,1930,0
20,2004,319,1940,0
20,2004,319,1950,0
10,2004,319,2000,23.48,60.59,0,0,-6999,683.8,-6999,-6999,-.037,.2,.2,.2,359.6
20,2004,319,2000,0
20,2004,319,2010,0
20,2004,319,2020,0
10,2004,319,2030,23.03,62.72,0,0,-6999,683.9,-6999,-6999,-.037,.2,.2,.2,358.7
20,2004,319,2030,0
20,2004,319,2040,0
20,2004,319,2050,0
10,2004,319,2100,22.66,63.87,0,0,-6999,683.9,-6999,-6999,-.037,.2,.2,.2,356.9
20,2004,319,2100,0
20,2004,319,2110,0
20,2004,319,2120,0
10,2004,319,2130,22.38,63.44,0,2829,-6999,684.1,-6999,-6999,-.037,.2,.2,.2,357.8
20,2004,319,2130,0
20,2004,319,2140,0
20,2004,319,2150,0
10,2004,319,2200,21.78,65.93,0,2767,-6999,684.2,-6999,-6999,-.037,.2,.2,.2,359.1
20,2004,319,2200,0
20,2004,319,2210,0
20,2004,319,2220,0
10,2004,319,2230,20.83,72.5,.001,2248,-6999,684.4,-6999,-6999,-.037,.2,.2,.2,355
20,2004,319,2230,0
20,2004,319,2240,0
20,2004,319,2250,0
10,2004,319,2300,20.27,75.8,0,1338,-6999,684.5,-6999,-6999,-.037,.2,.2,.2,351.6
20,2004,319,2300,0
20,2004,319,2310,0
20,2004,319,2320,0
10,2004,319,2330,19.75,78.3,.002,238.4,-6999,684.6,-6999,-6999,-.037,.2,.2,.2,351
20,2004,319,2330,0
20,2004,319,2340,0
20,2004,319,2350,0
10,2004,319,2400,19.23,80.7,.003,0,-6999,684.6,-6999,-6999,-.037,.2,.2,.2,356
20,2004,319,2400,0
3,2004,319,2400,28.65,13.49,21.14,96.9,323,37.33,1354,69.04,-6999,0,-6999,0,-6999,0
20,2004,320,10,0
20,2004,320,20,0
10,2004,320,30,19.12,81.2,.001,0,-6999,684.6,-6999,-6999,-.037,.2,.2,.2,346.4
20,2004,320,30,0
20,2004,320,40,0
20,2004,320,50,0
10,2004,320,100,18.95,82,.001,0,-6999,684.7,-6999,-6999,-.037,.2,.2,.2,337.4
20,2004,320,100,0
20,2004,320,110,0
20,2004,320,120,0
10,2004,320,130,19.06,81.3,0,0,-6999,684.8,-6999,-6999,-.037,.2,.2,.2,297.2
20,2004,320,130,0
20,2004,320,140,0
20,2004,320,150,0
10,2004,320,200,19,82.3,.002,0,-6999,684.7,-6999,-6999,-.037,.2,.2,.2,336.6
20,2004,320,200,0
20,2004,320,210,0
20,2004,320,220,0
10,2004,320,230,19.26,83.5,.002,0,-6999,684.6,-6999,-6999,-.037,.2,.2,.2,273
20,2004,320,230,0
20,2004,320,240,0
20,2004,320,250,0
10,2004,320,300,19.67,83,.001,0,-6999,684.4,-6999,-6999,-.037,.2,.2,.2,226.1
20,2004,320,300,0
20,2004,320,310,0
20,2004,320,320,0
10,2004,320,330,19.35,86.2,0,0,-6999,684.3,-6999,-6999,-.037,.2,.2,.2,199.4
20,2004,320,330,0
20,2004,320,340,0
20,2004,320,350,0
10,2004,320,400,19.21,88.3,0,0,-6999,684.2,-6999,-6999,-.037,.2,.2,.2,190.4
20,2004,320,400,0
20,2004,320,410,0
20,2004,320,420,0
10,2004,320,430,19.1,88.9,.001,0,-6999,684.3,-6999,-6999,-.037,.2,.2,.2,196.2
20,2004,320,430,0
20,2004,320,440,0
20,2004,320,450,0
10,2004,320,500,19.12,89,.001,0,-6999,684.2,-6999,-6999,-.037,.2,.2,.2,193.2
20,2004,320,500,0
20,2004,320,510,0
20,2004,320,520,0
10,2004,320,530,19.12,88.7,.034,0,-6999,684.2,-6999,-6999,-.037,.2,.2,.2,191.5
20,2004,320,530,0
20,2004,320,540,0
20,2004,320,550,0
10,2004,320,600,18.81,90,4.98,0,-6999,684.2,-6999,-6999,-.037,.2,.2,.2,190.1
20,2004,320,600,0
20,2004,320,610,0
20,2004,320,620,0
10,2004,320,630,18.75,90.4,35.36,0,-6999,684.3,-6999,-6999,-.037,.2,.2,.2,192.1
20,2004,320,630,0
20,2004,320,640,0
20,2004,320,650,0
10,2004,320,700,19.32,88.2,128.3,0,-6999,684.5,-6999,-6999,-.037,.2,.2,.2,193.4
20,2004,320,700,0
20,2004,320,710,0
20,2004,320,720,0
10,2004,320,730,19.79,86.4,177.2,0,-6999,684.7,-6999,-6999,-.037,.2,.2,.2,195.4
20,2004,320,730,0
20,2004,320,740,0
20,2004,320,750,0
10,2004,320,800,20.65,82.1,319.8,0,-6999,684.7,-6999,-6999,-.037,.2,.2,.2,193.7
20,2004,320,800,0
20,2004,320,810,0
20,2004,320,820,0
10,2004,320,830,20.5,82.9,234.7,0,-6999,684.9,-6999,-6999,-.037,.2,.2,.2,191.7
20,2004,320,830,0
20,2004,320,840,0
20,2004,320,850,0
10,2004,320,900,21.17,80.8,405.4,0,-6999,684.9,-6999,-6999,-.037,.2,.2,.2,193.3
20,2004,320,900,0
20,2004,320,910,0
20,2004,320,920,0
10,2004,320,930,21.53,80,279.5,0,-6999,685.2,-6999,-6999,-.037,.2,.2,.2,197.1
20,2004,320,930,0
20,2004,320,940,0
20,2004,320,950,0
10,2004,320,1000,21.56,79.6,305.2,0,-6999,685.3,-6999,-6999,-.037,.2,.2,.2,192.8
20,2004,320,1000,0
20,2004,320,1010,0
20,2004,320,1020,0
10,2004,320,1030,21.45,80.2,228.1,0,-6999,685.4,-6999,-6999,-.037,.2,.2,.2,196.1
20,2004,320,1030,0
20,2004,320,1040,0
20,2004,320,1050,0
10,2004,320,1100,22.09,79.2,345.1,0,-6999,685.4,-6999,-6999,-.037,.2,.2,.2,192.1
20,2004,320,1100,0
20,2004,320,1110,0
20,2004,320,1120,0
10,2004,320,1130,22.88,76.9,412.9,0,-6999,685.3,-6999,-6999,-.037,.2,.2,.2,195.5
20,2004,320,1130,0
20,2004,320,1140,0
20,2004,320,1150,0
10,2004,320,1200,23.58,73.7,290.9,0,-6999,685,-6999,-6999,-.037,.2,.2,.2,197.9
20,2004,320,1200,0
20,2004,320,1210,0
20,2004,320,1220,0
10,2004,320,1230,23.6,72.9,210,0,-6999,684.9,-6999,-6999,-.037,.2,.2,.2,198.4
20,2004,320,1230,0
20,2004,320,1240,0
20,2004,320,1250,0
10,2004,320,1300,23.95,72.3,339.4,0,-6999,684.8,-6999,-6999,-.037,.2,.2,.2,195.4
20,2004,320,1300,0
20,2004,320,1310,0
20,2004,320,1320,0
10,2004,320,1330,24.62,71.4,494.1,0,-6999,684.7,-6999,-6999,-.037,.2,.2,.2,192.8
20,2004,320,1330,0
20,2004,320,1340,0
20,2004,320,1350,0
10,2004,320,1400,25.14,68.93,467.5,0,-6999,684.6,-6999,-6999,-.037,.2,.2,.2,176.6
20,2004,320,1400,0
20,2004,320,1410,0
20,2004,320,1420,0
10,2004,320,1430,25.58,64.45,458.1,0,-6999,684.5,-6999,-6999,-.037,.2,.2,.2,190.6
20,2004,320,1430,0
20,2004,320,1440,0
20,2004,320,1450,0
10,2004,320,1500,25.22,65.85,253.3,0,-6999,684.2,-6999,-6999,-.037,.2,.2,.2,188
20,2004,320,1500,0
20,2004,320,1510,0
20,2004,320,1520,.3
10,2004,320,1530,22.29,79.7,45.19,0,-6999,684.2,-6999,-6999,-.037,.2,.2,.2,190.9
20,2004,320,1530,4.8
20,2004,320,1540,1.1
20,2004,320,1550,.6
10,2004,320,1600,19.13,98.3,14.36,0,-6999,684.4,-6999,-6999,-.037,.2,.2,.2,171.8
20,2004,320,1600,1
20,2004,320,1610,1.1
20,2004,320,1620,2.7
10,2004,320,1630,18.67,98.9,15.08,0,-6999,684.4,-6999,-6999,-.037,.2,.2,.2,153.9
20,2004,320,1630,3.3
20,2004,320,1640,.6
20,2004,320,1650,2.2
10,2004,320,1700,18.42,99.1,5.454,0,-6999,684.7,-6999,-6999,-.037,.2,.2,.2,192.8
20,2004,320,1700,2.1
20,2004,320,1710,1.8
20,2004,320,1720,1
10,2004,320,1730,18.26,99.7,1.751,0,-6999,685,-6999,-6999,-.037,.2,.2,.2,194.9
20,2004,320,1730,.7
20,2004,320,1740,.9
20,2004,320,1750,1.4
10,2004,320,1800,17.92,100,3.741,0,-6999,685,-6999,-6999,-.037,.2,.2,.2,198.4
20,2004,320,1800,2.8
20,2004,320,1810,1.5
20,2004,320,1820,.4
10,2004,320,1830,17.75,100.1,2.775,0,-6999,684.9,-6999,-6999,-.037,.2,.2,.2,180.4
20,2004,320,1830,.5
20,2004,320,1840,.3
20,2004,320,1850,.3
10,2004,320,1900,17.93,100.1,1.648,0,-6999,684.9,-6999,-6999,-.037,.2,.2,.2,194.8
20,2004,320,1900,.2
20,2004,320,1910,.1
20,2004,320,1920,0
10,2004,320,1930,17.92,99.7,.078,0,-6999,685.1,-6999,-6999,-.037,.2,.2,.2,195.7
20,2004,320,1930,0
20,2004,320,1940,0
20,2004,320,1950,0
10,2004,320,2000,18.09,99,.003,0,-6999,685.4,-6999,-6999,-.037,.2,.2,.2,196.3
20,2004,320,2000,0
20,2004,320,2010,0
20,2004,320,2020,.2
10,2004,320,2030,18.2,99,0,0,-6999,685.6,-6999,-6999,-.037,.2,.2,.2,198.6
20,2004,320,2030,.1
20,2004,320,2040,.2
20,2004,320,2050,0
10,2004,320,2100,18.24,99.5,.002,0,-6999,685.6,-6999,-6999,-.037,.2,.2,.2,198.9
20,2004,320,2100,0
20,2004,320,2110,0
20,2004,320,2120,0
10,2004,320,2130,18.32,99.8,.005,0,-6999,685.6,-6999,-6999,-.037,.2,.2,.2,194.9
20,2004,320,2130,0
20,2004,320,2140,0
20,2004,320,2150,0
10,2004,320,2200,18.44,100.1,.001,0,-6999,685.7,-6999,-6999,-.037,.2,.2,.2,195.5
20,2004,320,2200,.1
20,2004,320,2210,.3
20,2004,320,2220,.2
10,2004,320,2230,18.44,100.3,0,0,-6999,685.9,-6999,-6999,-.037,.2,.2,.2,193.9
20,2004,320,2230,0
20,2004,320,2240,.1
20,2004,320,2250,0
10,2004,320,2300,18.53,100.4,0,0,-6999,686,-6999,-6999,-.037,.2,.2,.2,191.9
20,2004,320,2300,0
20,2004,320,2310,0
20,2004,320,2320,.2
10,2004,320,2330,18.59,100.5,0,0,-6999,685.8,-6999,-6999,-.037,.2,.2,.2,195.3
20,2004,320,2330,.1
20,2004,320,2340,.5
20,2004,320,2350,2.6
10,2004,320,2400,18.6,100.6,0,0,-6999,685.6,-6999,-6999,-.037,.2,.2,.2,193.6
20,2004,320,2400,1.5
3,2004,320,2400,25.89,17.58,20.1,100.6,2337,62.37,1403,87.4,-6999,0,-6999,0,-6999,37.8
20,2004,321,10,1.4
20,2004,321,20,1.1
10,2004,321,30,18.48,100.6,0,0,-6999,685.5,-6999,-6999,-.037,.2,.2,.2,191.6
20,2004,321,30,1.7
20,2004,321,40,2.3
20,2004,321,50,.9
10,2004,321,100,18.36,100.6,.001,0,-6999,685.2,-6999,-6999,-.037,.2,.2,.2,191
20,2004,321,100,0
20,2004,321,110,0
20,2004,321,120,.1
10,2004,321,130,18.4,100.7,0,0,-6999,684.9,-6999,-6999,-.037,.2,.2,.2,189.8
20,2004,321,130,0
20,2004,321,140,.2
20,2004,321,150,0
10,2004,321,200,18.4,100.7,0,0,-6999,684.6,-6999,-6999,-.037,.2,.2,.2,190.8
20,2004,321,200,0
20,2004,321,210,0
20,2004,321,220,0
10,2004,321,230,18.37,100.8,0,0,-6999,684.4,-6999,-6999,-.037,.2,.2,.2,188.7
20,2004,321,230,0
20,2004,321,240,0
20,2004,321,250,.1
10,2004,321,300,18.46,100.8,0,0,-6999,684.2,-6999,-6999,-.037,.2,.2,.2,188.9
20,2004,321,300,0
20,2004,321,310,0
20,2004,321,320,0
10,2004,321,330,18.35,100.7,.007,0,-6999,684,-6999,-6999,-.037,.2,.2,.2,189.7
20,2004,321,330,0
20,2004,321,340,0
20,2004,321,350,0
10,2004,321,400,18.31,100.7,.01,0,-6999,683.9,-6999,-6999,-.037,.2,.2,.2,191.6
20,2004,321,400,0
20,2004,321,410,0
20,2004,321,420,0
10,2004,321,430,18.3,100.7,.009,0,-6999,684,-6999,-6999,-.037,.2,.2,.2,192.4
20,2004,321,430,0
20,2004,321,440,0
20,2004,321,450,0
10,2004,321,500,18.27,100.6,.008,0,-6999,684.1,-6999,-6999,-.037,.2,.2,.2,194.9
20,2004,321,500,0
20,2004,321,510,0
20,2004,321,520,0
10,2004,321,530,18.27,100.6,.035,0,-6999,684.2,-6999,-6999,-.037,.2,.2,.2,192.8
20,2004,321,530,0
20,2004,321,540,0
20,2004,321,550,0
10,2004,321,600,18.27,100.7,.701,0,-6999,684.5,-6999,-6999,-.037,.2,.2,.2,194
20,2004,321,600,0
20,2004,321,610,0
20,2004,321,620,0
10,2004,321,630,18.28,100.7,9.89,0,-6999,684.7,-6999,-6999,-.037,.2,.2,.2,194.4
20,2004,321,630,0
20,2004,321,640,0
20,2004,321,650,0
10,2004,321,700,18.35,100.7,26.65,0,-6999,685,-6999,-6999,-.037,.2,.2,.2,193.9
20,2004,321,700,0
20,2004,321,710,0
20,2004,321,720,0
10,2004,321,730,18.41,100.7,60.75,0,-6999,685.2,-6999,-6999,-.037,.2,.2,.2,196.8
20,2004,321,730,0
20,2004,321,740,0
20,2004,321,750,0
10,2004,321,800,18.48,100.6,61.98,0,-6999,685.3,-6999,-6999,-.037,.2,.2,.2,193.8
20,2004,321,800,.2
20,2004,321,810,0
20,2004,321,820,0
10,2004,321,830,18.57,100.3,135.2,0,-6999,685.5,-6999,-6999,-.037,.2,.2,.2,194.8
20,2004,321,830,0
20,2004,321,840,0
20,2004,321,850,0
10,2004,321,900,19.15,97.6,215.1,0,-6999,685.6,-6999,-6999,-.037,.2,.2,.2,188.5
20,2004,321,900,0
20,2004,321,910,0
20,2004,321,920,0
10,2004,321,930,19.99,93.1,397.1,0,-6999,685.6,-6999,-6999,-.037,.2,.2,.2,189.4
20,2004,321,930,0
20,2004,321,940,0
20,2004,321,950,0
10,2004,321,1000,20.26,91.8,266.2,0,-6999,685.6,-6999,-6999,-.037,.2,.2,.2,192.5
20,2004,321,1000,0
20,2004,321,1010,0
20,2004,321,1020,0
10,2004,321,1030,20.05,93.1,157.1,0,-6999,685.6,-6999,-6999,-.037,.2,.2,.2,190.3
20,2004,321,1030,0
20,2004,321,1040,0
20,2004,321,1050,0
10,2004,321,1100,19.94,93.2,132.3,0,-6999,685.6,-6999,-6999,-.037,.2,.2,.2,190.7
20,2004,321,1100,0
20,2004,321,1110,0
20,2004,321,1120,0
10,2004,321,1130,19.77,94.3,129.3,0,-6999,685.6,-6999,-6999,-.037,.2,.2,.2,189.5
20,2004,321,1130,0
20,2004,321,1140,0
20,2004,321,1150,0
10,2004,321,1200,19.84,94.9,172.8,0,-6999,685.6,-6999,-6999,-.037,.2,.2,.2,187.8
20,2004,321,1200,0
20,2004,321,1210,0
20,2004,321,1220,0
10,2004,321,1230,19.83,94.6,129.8,0,-6999,685.6,-6999,-6999,-.037,.2,.2,.2,181.4
20,2004,321,1230,0
20,2004,321,1240,0
20,2004,321,1250,0
10,2004,321,1300,20.06,93.7,166.8,0,-6999,685.4,-6999,-6999,-.037,.2,.2,.2,180.2
20,2004,321,1300,0
20,2004,321,1310,0
20,2004,321,1320,0
10,2004,321,1330,19.77,96,108.3,0,-6999,685.1,-6999,-6999,-.037,.2,.2,.2,182.3
20,2004,321,1330,.2
20,2004,321,1340,0
20,2004,321,1350,.1
10,2004,321,1400,19.55,98,115.2,0,-6999,684.7,-6999,-6999,-.037,.2,.2,.2,176.9
20,2004,321,1400,0
20,2004,321,1410,0
20,2004,321,1420,0
10,2004,321,1430,19.83,96.8,227.4,0,-6999,684.4,-6999,-6999,-.037,.2,.2,.2,176.1
20,2004,321,1430,0
20,2004,321,1440,0
20,2004,321,1450,0
10,2004,321,1500,20.35,92.9,163.8,0,-6999,684.2,-6999,-6999,-.037,.2,.2,.2,179.7
20,2004,321,1500,0
20,2004,321,1510,0
20,2004,321,1520,0
10,2004,321,1530,19.99,94.5,66.91,0,-6999,683.9,-6999,-6999,-.037,.2,.2,.2,183.8
20,2004,321,1530,0
20,2004,321,1540,0
20,2004,321,1550,0
10,2004,321,1600,19.61,96.3,49.85,0,-6999,683.7,-6999,-6999,-.037,.2,.2,.2,194.5
20,2004,321,1600,0
20,2004,321,1610,0
20,2004,321,1620,0
10,2004,321,1630,19.43,96.2,39.87,0,-6999,683.6,-6999,-6999,-.037,.2,.2,.2,192.3
20,2004,321,1630,0
20,2004,321,1640,.2
20,2004,321,1650,.3
10,2004,321,1700,19.12,98.2,31.8,0,-6999,683.5,-6999,-6999,-.037,.2,.2,.2,188
20,2004,321,1700,.3
20,2004,321,1710,.8
20,2004,321,1720,.6
10,2004,321,1730,18.65,99.6,13.94,0,-6999,683.7,-6999,-6999,-.037,.2,.2,.2,191.2
20,2004,321,1730,1.9
20,2004,321,1740,1.6
20,2004,321,1750,.7
10,2004,321,1800,18.46,100.2,7.86,0,-6999,683.7,-6999,-6999,-.037,.2,.2,.2,197.1
20,2004,321,1800,.6
20,2004,321,1810,.4
20,2004,321,1820,.4
10,2004,321,1830,18.48,100.4,5.187,0,-6999,683.8,-6999,-6999,-.037,.2,.2,.2,191.1
20,2004,321,1830,.2
20,2004,321,1840,.4
20,2004,321,1850,.5
10,2004,321,1900,18.55,100.5,1.69,0,-6999,683.8,-6999,-6999,-.037,.2,.2,.2,190.8
20,2004,321,1900,.1
20,2004,321,1910,0
20,2004,321,1920,.2
10,2004,321,1930,18.59,100.6,.032,0,-6999,683.7,-6999,-6999,-.037,.2,.2,.2,192.8
20,2004,321,1930,0
20,2004,321,1940,0
20,2004,321,1950,0
10,2004,321,2000,18.66,100.7,0,0,-6999,684,-6999,-6999,-.037,.2,.2,.2,191.1
20,2004,321,2000,0
20,2004,321,2010,0
20,2004,321,2020,0
10,2004,321,2030,18.73,100.7,0,0,-6999,684,-6999,-6999,-.037,.2,.2,.2,192.3
20,2004,321,2030,0
20,2004,321,2040,0
20,2004,321,2050,0
10,2004,321,2100,18.77,100.8,0,0,-6999,684.2,-6999,-6999,-.037,.2,.2,.2,192.7
20,2004,321,2100,0
20,2004,321,2110,0
20,2004,321,2120,0
10,2004,321,2130,18.78,100.8,0,0,-6999,684.5,-6999,-6999,-.037,.2,.2,.2,195
20,2004,321,2130,0
20,2004,321,2140,0
20,2004,321,2150,0
10,2004,321,2200,18.79,100.8,.007,0,-6999,684.8,-6999,-6999,-.037,.2,.2,.2,194.7
20,2004,321,2200,0
20,2004,321,2210,0
20,2004,321,2220,.1
10,2004,321,2230,18.89,100.8,.01,0,-6999,684.9,-6999,-6999,-.037,.2,.2,.2,193.4
20,2004,321,2230,0
20,2004,321,2240,0
20,2004,321,2250,0
10,2004,321,2300,18.86,100.8,0,0,-6999,684.9,-6999,-6999,-.037,.2,.2,.2,194.9
20,2004,321,2300,0
20,2004,321,2310,0
20,2004,321,2320,0
10,2004,321,2330,18.84,100.7,.002,0,-6999,684.9,-6999,-6999,-.037,.2,.2,.2,194.8
20,2004,321,2330,0
20,2004,321,2340,0
20,2004,321,2350,0
10,2004,321,2400,18.83,100.7,.009,0,-6999,684.6,-6999,-6999,-.037,.2,.2,.2,197.2
20,2004,321,2400,0
3,2004,321,2400,20.62,18.13,18.97,100.9,214,90.2,932,98.6,-6999,0,-6999,0,-6999,17.6
20,2004,322,10,0
20,2004,322,20,0
10,2004,322,30,18.67,100.6,.007,0,-6999,684.4,-6999,-6999,-.037,.2,.2,.2,198.5
20,2004,322,30,0
20,2004,322,40,0
20,2004,322,50,0
10,2004,322,100,18.61,100.7,.005,0,-6999,684.2,-6999,-6999,-.037,.2,.2,.2,197.9
20,2004,322,100,0
20,2004,322,110,0
20,2004,322,120,0
10,2004,322,130,18.56,100.7,.003,0,-6999,684,-6999,-6999,-.037,.2,.2,.2,195.1
20,2004,322,130,0
20,2004,322,140,0
20,2004,322,150,0
10,2004,322,200,18.59,100.7,.014,0,-6999,684,-6999,-6999,-.037,.2,.2,.2,190.5
20,2004,322,200,0
20,2004,322,210,.5
20,2004,322,220,.1
10,2004,322,230,18.57,100.6,0,0,-6999,683.9,-6999,-6999,-.037,.2,.2,.2,194.7
20,2004,322,230,0
20,2004,322,240,0
20,2004,322,250,0
10,2004,322,300,18.54,100.6,.001,0,-6999,683.8,-6999,-6999,-.037,.2,.2,.2,191
20,2004,322,300,0
20,2004,322,310,0
20,2004,322,320,.1
10,2004,322,330,18.46,100.5,.006,0,-6999,683.7,-6999,-6999,-.037,.2,.2,.2,192.3
20,2004,322,330,0
20,2004,322,340,1.5
20,2004,322,350,.3
10,2004,322,400,18.44,100.3,0,0,-6999,683.7,-6999,-6999,-.037,.2,.2,.2,186.4
20,2004,322,400,0
20,2004,322,410,0
20,2004,322,420,0
10,2004,322,430,18.3,100.4,0,0,-6999,683.6,-6999,-6999,-.037,.2,.2,.2,200.7
20,2004,322,430,0
20,2004,322,440,0
20,2004,322,450,0
10,2004,322,500,18.23,100.5,0,0,-6999,683.6,-6999,-6999,-.037,.2,.2,.2,196.6
20,2004,322,500,0
20,2004,322,510,0
20,2004,322,520,.3
10,2004,322,530,18.35,100.5,0,0,-6999,683.7,-6999,-6999,-.037,.2,.2,.2,198.5
20,2004,322,530,.3
20,2004,322,540,.3
20,2004,322,550,0
10,2004,322,600,18.41,100.6,.764,0,-6999,683.7,-6999,-6999,-.037,.2,.2,.2,195.6
20,2004,322,600,0
20,2004,322,610,0
20,2004,322,620,.1
10,2004,322,630,18.49,100.7,14.19,0,-6999,683.9,-6999,-6999,-.037,.2,.2,.2,194.5
20,2004,322,630,0
20,2004,322,640,0
20,2004,322,650,0
10,2004,322,700,18.64,100.8,40.15,0,-6999,684.2,-6999,-6999,-.037,.2,.2,.2,197.3
20,2004,322,700,0
20,2004,322,710,0
20,2004,322,720,0
10,2004,322,730,18.84,100.8,63.26,0,-6999,684.5,-6999,-6999,-.037,.2,.2,.2,195.3
20,2004,322,730,0
20,2004,322,740,0
20,2004,322,750,0
10,2004,322,800,18.9,100.8,35.35,0,-6999,684.8,-6999,-6999,-.037,.2,.2,.2,187.7
20,2004,322,800,0
20,2004,322,810,.5
20,2004,322,820,.1
10,2004,322,830,18.67,100.8,51.37,0,-6999,685,-6999,-6999,-.037,.2,.2,.2,187
20,2004,322,830,0
20,2004,322,840,.3
20,2004,322,850,.2
10,2004,322,900,18.78,100.8,98.6,0,-6999,685.2,-6999,-6999,-.037,.2,.2,.2,185.2
20,2004,322,900,0
20,2004,322,910,.2
20,2004,322,920,0
10,2004,322,930,18.95,100.8,154.6,0,-6999,685.3,-6999,-6999,-.037,.2,.2,.2,187
20,2004,322,930,0
20,2004,322,940,0
20,2004,322,950,0
10,2004,322,1000,19.15,100.6,184.7,0,-6999,685.4,-128.1,-6999,-.037,.2,.2,.2,186.5
20,2004,322,1000,0
20,2004,322,1010,0
20,2004,322,1020,0
10,2004,322,1030,19.47,99.8,279.6,0,-6999,685.3,-6999,-6999,-.037,.2,.2,.2,180.4
20,2004,322,1030,0
20,2004,322,1040,0
20,2004,322,1050,0
10,2004,322,1100,20.39,96.8,387.8,0,-6999,685.3,-6999,-6999,-.037,.2,.2,.2,176.5
20,2004,322,1100,0
20,2004,322,1110,0
20,2004,322,1120,0
10,2004,322,1130,21.23,90.9,295.3,0,-6999,685,-6999,-6999,-.037,.2,.2,.2,178
20,2004,322,1130,0
20,2004,322,1140,0
20,2004,322,1150,0
10,2004,322,1200,21.39,89.2,399.2,0,-6999,684.8,-6999,-6999,-.037,.2,.2,.2,179.3
20,2004,322,1200,0
20,2004,322,1210,0
20,2004,322,1220,.1
10,2004,322,1230,21.41,89.3,201.7,0,-6999,684.5,-6999,-6999,-.037,.2,.2,.2,182.1
20,2004,322,1230,1.7
20,2004,322,1240,0
20,2004,322,1250,0
10,2004,322,1300,20.9,95.6,477.1,0,-6999,684.2,-6999,-6999,-.037,.2,.2,.2,173.7
20,2004,322,1300,0
20,2004,322,1310,.1
20,2004,322,1320,.3
10,2004,322,1330,20.75,94.4,180.1,0,-6999,683.9,-6999,-6999,-.037,.2,.2,.2,165
20,2004,322,1330,.3
20,2004,322,1340,0
20,2004,322,1350,0
10,2004,322,1400,21.34,94.2,325.9,0,-6999,683.6,-6999,-6999,-.037,.2,.2,.2,161.1
20,2004,322,1400,0
20,2004,322,1410,0
20,2004,322,1420,0
10,2004,322,1430,21.93,89.2,204.7,0,-6999,683.2,-6999,-6999,-.037,.2,.2,.2,163.5
20,2004,322,1430,0
20,2004,322,1440,0
20,2004,322,1450,0
10,2004,322,1500,21.78,88.9,70.8,0,-6999,683.1,-6999,-6999,-.037,.2,.2,.2,134.3
20,2004,322,1500,.5
20,2004,322,1510,0
20,2004,322,1520,0
10,2004,322,1530,21.43,96,364.3,0,-6999,682.9,-6999,-6999,-.037,.2,.2,.2,88.5
20,2004,322,1530,0
20,2004,322,1540,0
20,2004,322,1550,0
10,2004,322,1600,22.68,90.2,227,0,-6999,682.7,-6999,-6999,-.037,.2,.2,.2,150.4
20,2004,322,1600,0
20,2004,322,1610,0
20,2004,322,1620,0
10,2004,322,1630,22.72,88.1,199.1,0,-6999,682.5,-6999,-6999,-.037,.2,.2,.2,154.6
20,2004,322,1630,0
20,2004,322,1640,0
20,2004,322,1650,0
10,2004,322,1700,23.12,85.2,106.2,0,-6999,682.4,-6999,-6999,-.037,.2,.2,.2,170.3
20,2004,322,1700,0
20,2004,322,1710,0
20,2004,322,1720,0
10,2004,322,1730,22.45,86.5,55.28,0,-6999,682.3,-6999,-6999,-.037,.2,.2,.2,174.5
20,2004,322,1730,0
20,2004,322,1740,0
20,2004,322,1750,0
10,2004,322,1800,22.49,87,60.22,0,-6999,682.3,-6999,-6999,-.037,.2,.2,.2,143.5
20,2004,322,1800,0
20,2004,322,1810,0
20,2004,322,1820,0
10,2004,322,1830,22.17,87.7,24.29,0,-6999,682.7,-6999,-6999,-.037,.2,.2,.2,35.65
20,2004,322,1830,0
20,2004,322,1840,0
20,2004,322,1850,0
10,2004,322,1900,21.63,90,3.682,0,-6999,683,-6999,-6999,-.037,.2,.2,.2,22.35
20,2004,322,1900,0
20,2004,322,1910,0
20,2004,322,1920,0
10,2004,322,1930,20.99,92.3,.053,0,-6999,683.2,-6999,-6999,-.037,.2,.2,.2,37.91
20,2004,322,1930,0
20,2004,322,1940,0
20,2004,322,1950,0
10,2004,322,2000,20.72,95.4,0,0,-6999,683.4,-6999,-6999,-.037,.2,.2,.2,22.65
20,2004,322,2000,0
20,2004,322,2010,0
20,2004,322,2020,0
10,2004,322,2030,20.46,96.1,0,0,-6999,683.6,-6999,-6999,-.037,.2,.2,.2,30.02
20,2004,322,2030,0
20,2004,322,2040,0
20,2004,322,2050,0
10,2004,322,2100,20.4,95.4,0,0,-6999,683.8,-6999,-6999,-.037,.2,.2,.2,30.26
20,2004,322,2100,0
20,2004,322,2110,0
20,2004,322,2120,0
10,2004,322,2130,20.3,95.8,0,0,-6999,684,-6999,-6999,-.037,.2,.2,.2,21.91
20,2004,322,2130,0
20,2004,322,2140,0
20,2004,322,2150,0
10,2004,322,2200,20.29,95.2,.001,0,-6999,684.2,-6999,-6999,-.037,.2,.2,.2,356.8
20,2004,322,2200,0
20,2004,322,2210,0
20,2004,322,2220,0
10,2004,322,2230,20.41,93.3,.001,0,-6999,684.4,-6999,-6999,-.037,.2,.2,.2,225.8
20,2004,322,2230,0
20,2004,322,2240,0
20,2004,322,2250,0
10,2004,322,2300,20.37,92.2,.001,0,-6999,684.5,-6999,-6999,-.037,.2,.2,.2,326.1
20,2004,322,2300,0
20,2004,322,2310,0
20,2004,322,2320,0
10,2004,322,2330,20.17,92.2,.001,0,-6999,684.5,-6999,-6999,-.037,.2,.2,.2,27.06
20,2004,322,2330,0
20,2004,322,2340,0
20,2004,322,2350,0
10,2004,322,2400,20.1,91.4,.002,0,-6999,684.4,-6999,-6999,-.037,.2,.2,.2,8.21
20,2004,322,2400,0
3,2004,322,2400,23.64,18.13,20.12,101,703,83,1655,95.7,-6999,0,-6999,0,-6999,7.8
20,2004,323,10,0
20,2004,323,20,0
10,2004,323,30,19.95,91.6,.005,0,-6999,684.2,-6999,-6999,-.037,.2,.2,.2,354.2
20,2004,323,30,0
20,2004,323,40,0
20,2004,323,50,0
10,2004,323,100,19.66,93.1,.023,0,-6999,684,-6999,-6999,-.037,.2,.2,.2,350.2
20,2004,323,100,0
20,2004,323,110,0
20,2004,323,120,0
10,2004,323,130,19.81,92,.01,0,-6999,683.9,-6999,-6999,-.037,.2,.2,.2,259.7
20,2004,323,130,0
20,2004,323,140,0
20,2004,323,150,0
10,2004,323,200,19.83,91.9,.001,0,-6999,683.8,-6999,-6999,-.037,.2,.2,.2,223.4
20,2004,323,200,0
20,2004,323,210,0
20,2004,323,220,0
10,2004,323,230,19.62,93.8,.023,0,-6999,683.6,-6999,-6999,-.037,.2,.2,.2,220.7
20,2004,323,230,0
20,2004,323,240,0
20,2004,323,250,0
10,2004,323,300,19.85,94,.016,0,-6999,683.5,-6999,-6999,-.037,.2,.2,.2,179.3
20,2004,323,300,0
20,2004,323,310,0
20,2004,323,320,0
10,2004,323,330,19.9,94.3,.001,0,-6999,683.3,-6999,-6999,-.037,.2,.2,.2,172.8
20,2004,323,330,0
20,2004,323,340,0
20,2004,323,350,0
10,2004,323,400,19.89,95.3,.009,0,-6999,683.2,-6999,-6999,-.037,.2,.2,.2,175.9
20,2004,323,400,0
20,2004,323,410,0
20,2004,323,420,0
10,2004,323,430,19.46,96.6,.038,0,-6999,683.2,-6999,-6999,-.037,.2,.2,.2,199.5
20,2004,323,430,0
20,2004,323,440,0
20,2004,323,450,0
10,2004,323,500,19.11,98.1,.059,0,-6999,683.4,-6999,-6999,-.037,.2,.2,.2,203.2
20,2004,323,500,0
20,2004,323,510,0
20,2004,323,520,0
10,2004,323,530,18.97,98.9,.114,0,-6999,683.5,-6999,-6999,-.037,.2,.2,.2,209.1
20,2004,323,530,0
20,2004,323,540,0
20,2004,323,550,0
10,2004,323,600,18.92,99.3,7.12,0,-6999,683.6,-6999,-6999,-.037,.2,.2,.2,210.9
20,2004,323,600,0
20,2004,323,610,0
20,2004,323,620,0
10,2004,323,630,19.3,99.6,52.89,0,-6999,683.8,-6999,-6999,-.037,.2,.2,.2,203.2
20,2004,323,630,0
20,2004,323,640,0
20,2004,323,650,0
10,2004,323,700,20.02,99,155.4,0,-6999,684,-6999,-6999,-.037,.2,.2,.2,199.4
20,2004,323,700,0
20,2004,323,710,0
20,2004,323,720,0
10,2004,323,730,20.48,97.6,246.8,0,-6999,684.1,-6999,-6999,-.037,.2,.2,.2,191.8
20,2004,323,730,0
20,2004,323,740,0
20,2004,323,750,.1
10,2004,323,800,21.25,95.2,332.8,0,-6999,684.2,-6999,-6999,-.037,.2,.2,.2,183
20,2004,323,800,0
20,2004,323,810,0
20,2004,323,820,0
10,2004,323,830,21.92,92.2,302.8,0,-6999,684.4,-6999,-6999,-.037,.2,.2,.2,184.7
20,2004,323,830,0
20,2004,323,840,0
20,2004,323,850,0
10,2004,323,900,21.71,93.1,134.5,0,-6999,684.6,-6999,-6999,-.037,.2,.2,.2,180.4
20,2004,323,900,0
20,2004,323,910,0
20,2004,323,920,0
10,2004,323,930,22.33,90.2,396.5,0,-6999,684.7,-6999,-6999,-.037,.2,.2,.2,175.7
20,2004,323,930,0
20,2004,323,940,0
20,2004,323,950,0
10,2004,323,1000,23.14,85.7,364.6,0,-6999,684.7,-6999,-6999,-.037,.2,.2,.2,155.6
20,2004,323,1000,0
20,2004,323,1010,0
20,2004,323,1020,0
10,2004,323,1030,23.42,83.6,260.1,0,-6999,684.7,-6999,-6999,-.037,.2,.2,.2,174.5
20,2004,323,1030,0
20,2004,323,1040,0
20,2004,323,1050,.8
10,2004,323,1100,22.61,87.5,177.8,0,-6999,684.4,-6999,-6999,-.037,.2,.2,.2,177.8
20,2004,323,1100,1.8
20,2004,323,1110,0
20,2004,323,1120,0
10,2004,323,1130,22.6,91.8,719,0,-6999,684.1,-6999,-6999,-.037,.2,.2,.2,167.2
20,2004,323,1130,0
20,2004,323,1140,0
20,2004,323,1150,0
10,2004,323,1200,23.87,83.5,536.3,0,-6999,684,-6999,-6999,-.037,.2,.2,.2,166.9
20,2004,323,1200,0
20,2004,323,1210,0
20,2004,323,1220,0
10,2004,323,1230,24.47,79.2,323.7,0,-6999,683.7,-6999,-6999,-.037,.2,.2,.2,167.2
20,2004,323,1230,0
20,2004,323,1240,3
20,2004,323,1250,3
10,2004,323,1300,21.93,93,183.7,0,-6999,683.5,-6999,-6999,-.037,.2,.2,.2,160.5
20,2004,323,1300,0
20,2004,323,1310,0
20,2004,323,1320,0
10,2004,323,1330,22.8,91.5,496,0,-6999,683,-6999,-6999,-.037,.2,.2,.2,173.9
20,2004,323,1330,0
20,2004,323,1340,0
20,2004,323,1350,5.1
10,2004,323,1400,21.35,94,68.83,0,-6999,682.9,-6999,-6999,-.037,.2,.2,.2,175.5
20,2004,323,1400,6.6
20,2004,323,1410,2.5
20,2004,323,1420,.4
10,2004,323,1430,20.31,99.7,165.1,0,-6999,682.7,-6999,-6999,-.037,.2,.2,.2,191.6
20,2004,323,1430,0
20,2004,323,1440,0
20,2004,323,1450,0
10,2004,323,1500,21.04,99.5,269.4,0,-6999,682.3,-6999,-6999,-.037,.2,.2,.2,183
20,2004,323,1500,0
20,2004,323,1510,0
20,2004,323,1520,0
10,2004,323,1530,21.16,98,233.9,0,-6999,682.3,-6999,-6999,-.037,.2,.2,.2,184.5
20,2004,323,1530,0
20,2004,323,1540,0
20,2004,323,1550,0
10,2004,323,1600,20.97,98.4,123,0,-6999,682.1,-6999,-6999,-.037,.2,.2,.2,191.8
20,2004,323,1600,.2
20,2004,323,1610,0
20,2004,323,1620,0
10,2004,323,1630,21.16,99,91.4,0,-6999,682.4,-6999,-6999,-.037,.2,.2,.2,175
20,2004,323,1630,0
20,2004,323,1640,.1
20,2004,323,1650,0
10,2004,323,1700,19.99,96.7,12.6,0,-6999,682.7,-6999,-6999,-.037,.2,.2,.2,48.22
20,2004,323,1700,1.7
20,2004,323,1710,.3
20,2004,323,1720,.1
10,2004,323,1730,17.56,97.8,25.95,0,-6999,682.6,-6999,-6999,-.037,.2,.2,.2,15.39
20,2004,323,1730,0
20,2004,323,1740,0
20,2004,323,1750,0
10,2004,323,1800,17.59,98.1,21.22,0,-6999,682.6,-6999,-6999,-.037,.2,.2,.2,10.72
20,2004,323,1800,0
20,2004,323,1810,.5
20,2004,323,1820,.5
10,2004,323,1830,18.12,95.5,4.725,0,-6999,682.7,-6999,-6999,-.037,.2,.2,.2,15.72
20,2004,323,1830,.8
20,2004,323,1840,.7
20,2004,323,1850,.7
10,2004,323,1900,17.94,99.2,1.786,0,-6999,682.8,-6999,-6999,-.037,.2,.2,.2,122.7
20,2004,323,1900,.3
20,2004,323,1910,.5
20,2004,323,1920,.5
10,2004,323,1930,18.17,100.1,.041,0,-6999,682.9,-6999,-6999,-.037,.2,.2,.2,186.8
20,2004,323,1930,.3
20,2004,323,1940,.8
20,2004,323,1950,.2
10,2004,323,2000,18.35,100.4,.001,0,-6999,683.1,-6999,-6999,-.037,.2,.2,.2,190.6
20,2004,323,2000,.1
20,2004,323,2010,.7
20,2004,323,2020,.5
10,2004,323,2030,18.38,100.5,.006,0,-6999,683.3,-6999,-6999,-.037,.2,.2,.2,192.5
20,2004,323,2030,.9
20,2004,323,2040,.3
20,2004,323,2050,.3
10,2004,323,2100,18.16,100.7,.006,0,-6999,683.4,-6999,-6999,-.037,.2,.2,.2,195.8
20,2004,323,2100,.3
20,2004,323,2110,0
20,2004,323,2120,0
10,2004,323,2130,17.97,100.8,0,0,-6999,683.6,-6999,-6999,-.037,.2,.2,.2,195.1
20,2004,323,2130,.2
20,2004,323,2140,.1
20,2004,323,2150,0
10,2004,323,2200,17.82,100.9,.005,0,-6999,683.7,-6999,-6999,-.037,.2,.2,.2,196.1
20,2004,323,2200,0
20,2004,323,2210,0
20,2004,323,2220,0
10,2004,323,2230,17.88,101,.003,0,-6999,684,-6999,-6999,-.037,.2,.2,.2,197.2
20,2004,323,2230,0
20,2004,323,2240,0
20,2004,323,2250,0
10,2004,323,2300,17.91,101.1,0,0,-6999,684.1,-6999,-6999,-.037,.2,.2,.2,195.3
20,2004,323,2300,0
20,2004,323,2310,.2
20,2004,323,2320,0
10,2004,323,2330,17.8,101.1,0,0,-6999,683.9,-6999,-6999,-.037,.2,.2,.2,197.2
20,2004,323,2330,0
20,2004,323,2340,0
20,2004,323,2350,0
10,2004,323,2400,17.75,101.2,0,0,-6999,683.8,-6999,-6999,-.037,.2,.2,.2,195
20,2004,323,2400,0
3,2004,323,2400,25.09,17.3,20.09,101.3,2346,74,1203,95.5,-6999,0,-6999,0,-6999,35.1
20,2004,324,10,0
20,2004,324,20,0
10,2004,324,30,17.8,101.2,0,0,-6999,683.5,-6999,-6999,-.037,.2,.2,.2,194.9
20,2004,324,30,0
20,2004,324,40,0
20,2004,324,50,0
10,2004,324,100,17.72,101.2,0,0,-6999,683.4,-6999,-6999,-.037,.2,.2,.2,179.9
20,2004,324,100,0
20,2004,324,110,0
20,2004,324,120,0
10,2004,324,130,17.67,101.3,0,0,-6999,683.3,-6999,-6999,-.037,.2,.2,.2,198.5
20,2004,324,130,0
20,2004,324,140,0
20,2004,324,150,0
10,2004,324,200,17.66,101.3,0,0,-6999,683,-6999,-6999,-.037,.2,.2,.2,197.6
20,2004,324,200,0
20,2004,324,210,0
20,2004,324,220,0
10,2004,324,230,17.59,101.3,0,0,-6999,682.7,-6999,-6999,-.037,.2,.2,.2,198.8
20,2004,324,230,0
20,2004,324,240,0
20,2004,324,250,0
10,2004,324,300,17.53,101.3,0,0,-6999,682.6,-6999,-6999,-.037,.2,.2,.2,195.4
20,2004,324,300,0
20,2004,324,310,0
20,2004,324,320,.1
10,2004,324,330,17.61,101.3,0,0,-6999,682.5,-6999,-6999,-.037,.2,.2,.2,177.1
20,2004,324,330,0
20,2004,324,340,0
20,2004,324,350,0
10,2004,324,400,17.76,101.3,0,0,-6999,682.4,-6999,-6999,-.037,.2,.2,.2,137.1
20,2004,324,400,0
20,2004,324,410,0
20,2004,324,420,0
10,2004,324,430,17.85,101.3,0,0,-6999,682.4,-6999,-6999,-.037,.2,.2,.2,108.8
20,2004,324,430,0
20,2004,324,440,0
20,2004,324,450,0
10,2004,324,500,17.99,101.3,0,0,-6999,682.3,-6999,-6999,-.037,.2,.2,.2,176.2
20,2004,324,500,0
20,2004,324,510,0
20,2004,324,520,0
10,2004,324,530,18.03,101.3,0,0,-6999,682.4,-6999,-6999,-.037,.2,.2,.2,168.6
20,2004,324,530,0
20,2004,324,540,0
20,2004,324,550,0
10,2004,324,600,18.02,101.3,1.041,0,-6999,682.6,-6999,-6999,-.037,.2,.2,.2,189.4
20,2004,324,600,0
20,2004,324,610,0
20,2004,324,620,0
10,2004,324,630,18.01,101.3,13,0,-6999,682.9,-6999,-6999,-.037,.2,.2,.2,80.5
20,2004,324,630,0
20,2004,324,640,0
20,2004,324,650,0
10,2004,324,700,18.08,101.3,36.4,0,-6999,683.2,-6999,-6999,-.037,.2,.2,.2,345.3
20,2004,324,700,0
20,2004,324,710,0
20,2004,324,720,0
10,2004,324,730,18.31,101.3,54.65,0,-6999,683.5,-6999,-6999,-.037,.2,.2,.2,2.703
20,2004,324,730,.2
20,2004,324,740,0
20,2004,324,750,0
10,2004,324,800,18.41,101.3,70.6,0,-6999,683.5,-6999,-6999,-.037,.2,.2,.2,152.2
20,2004,324,800,.1
20,2004,324,810,0
20,2004,324,820,.2
10,2004,324,830,18.69,101.3,148.6,0,-6999,683.6,27.98,-6999,-.037,.2,.2,.2,99.9
20,2004,324,830,0
20,2004,324,840,0
20,2004,324,850,0
10,2004,324,900,19.03,101.3,287.4,0,-6999,683.8,-6999,-6999,-.037,.2,.2,.2,91.9
20,2004,324,900,0
20,2004,324,910,0
20,2004,324,920,0
10,2004,324,930,19.08,101.3,235.2,0,-6999,683.7,-6999,-6999,-.037,.2,.2,.2,147
20,2004,324,930,0
20,2004,324,940,0
20,2004,324,950,0
10,2004,324,1000,19.36,101,201,0,-6999,683.7,-6999,-6999,-.037,.2,.2,.2,148.3
20,2004,324,1000,0
20,2004,324,1010,0
20,2004,324,1020,0
10,2004,324,1030,19.7,98.5,250.1,0,-6999,683.3,-6999,-6999,-.037,.2,.2,.2,188.9
20,2004,324,1030,.1
20,2004,324,1040,0
20,2004,324,1050,0
10,2004,324,1100,20.35,94.4,295,0,-6999,683.4,-43.5,-6999,-.037,.2,.2,.2,183.9
20,2004,324,1100,0
20,2004,324,1110,0
20,2004,324,1120,0
10,2004,324,1130,20.79,91.5,384.9,0,-6999,683.6,-6999,-6999,-.037,.2,.2,.2,177
20,2004,324,1130,0
20,2004,324,1140,0
20,2004,324,1150,0
10,2004,324,1200,21.7,85.8,571.1,0,-6999,683.6,-6999,-6999,-.037,.2,.2,.2,170.8
20,2004,324,1200,0
20,2004,324,1210,0
20,2004,324,1220,0
10,2004,324,1230,22.54,81.3,728,0,-6999,683.4,-6999,-6999,-.037,.2,.2,.2,174.4
20,2004,324,1230,0
20,2004,324,1240,0
20,2004,324,1250,0
10,2004,324,1300,22.7,77.9,337.5,0,-6999,683.2,-6999,-6999,-.037,.2,.2,.2,141.8
20,2004,324,1300,0
20,2004,324,1310,0
20,2004,324,1320,0
10,2004,324,1330,22.36,80.7,520.1,0,-6999,683,-6999,-6999,-.037,.2,.2,.2,175.9
20,2004,324,1330,0
20,2004,324,1340,0
20,2004,324,1350,0
10,2004,324,1400,23.19,79.5,775,0,-6999,682.8,-6999,-6999,-.037,.2,.2,.2,174
20,2004,324,1400,0
20,2004,324,1410,0
20,2004,324,1420,0
10,2004,324,1430,23.91,75.7,753,0,-6999,682.4,-6999,-6999,-.037,.2,.2,.2,174.8
20,2004,324,1430,0
20,2004,324,1440,0
20,2004,324,1450,0
10,2004,324,1500,23.92,71.1,399.3,0,-6999,682.4,-6999,-6999,-.037,.2,.2,.2,143.8
20,2004,324,1500,0
20,2004,324,1510,0
20,2004,324,1520,0
10,2004,324,1530,24.04,71.2,413.2,0,-6999,682.2,-6999,-6999,-.037,.2,.2,.2,151.2
20,2004,324,1530,0
20,2004,324,1540,0
20,2004,324,1550,0
10,2004,324,1600,24.05,69.12,323.6,0,-6999,682.1,-6999,-6999,-.037,.2,.2,.2,150.1
20,2004,324,1600,0
20,2004,324,1610,0
20,2004,324,1620,0
10,2004,324,1630,23.59,69.07,269.3,0,-6999,681.9,-6999,-6999,-.037,.2,.2,.2,131.5
20,2004,324,1630,0
20,2004,324,1640,0
20,2004,324,1650,0
10,2004,324,1700,23.59,72.6,210.6,0,-6999,681.9,-6999,-6999,-.037,.2,.2,.2,105.7
20,2004,324,1700,0
20,2004,324,1710,0
20,2004,324,1720,0
10,2004,324,1730,23.1,75.5,178.9,0,-6999,682,-6999,-6999,-.037,.2,.2,.2,51.2
20,2004,324,1730,0
