20,2004,33,1550,0
10,2004,33,1600,28.18,56.26,709,0,-6999,682.9,-6999,-6999,-.037,.2,.2,.2,170
20,2004,33,1600,0
20,2004,33,1610,0
20,2004,33,1620,0
10,2004,33,1630,26.95,57.86,243.1,105.7,-6999,682.7,-6999,-6999,-.037,.2,.2,.2,158.3
20,2004,33,1630,0
20,2004,33,1640,0
20,2004,33,1650,0
10,2004,33,1700,27.08,57.01,280.7,.698,-6999,682.7,-6999,-6999,-.037,.2,.2,.2,124.9
20,2004,33,1700,0
20,2004,33,1710,0
20,2004,33,1720,0
10,2004,33,1730,25.71,61.57,49.35,0,-6999,682.4,-6999,-6999,-.037,.2,.2,.2,154.7
20,2004,33,1730,0
20,2004,33,1740,0
20,2004,33,1750,0
10,2004,33,1800,24.95,66.6,44.46,0,-6999,682.4,-6999,-6999,-.037,.2,.2,.2,161.6
20,2004,33,1800,0
20,2004,33,1810,0
20,2004,33,1820,0
10,2004,33,1830,24.93,68.66,54.42,0,-6999,682.6,-6999,-6999,-.037,.2,.2,.2,48.72
20,2004,33,1830,0
20,2004,33,1840,0
20,2004,33,1850,0
10,2004,33,1900,24.21,71,11.99,0,-6999,682.8,-6999,-6999,-.037,.2,.2,.2,51.24
20,2004,33,1900,0
20,2004,33,1910,0
20,2004,33,1920,0
10,2004,33,1930,23.2,78.5,.824,0,-6999,683.2,-6999,-6999,-.037,.2,.2,.2,38.51
20,2004,33,1930,0
20,2004,33,1940,0
20,2004,33,1950,0
10,2004,33,2000,22.61,84.1,0,0,-6999,683.5,-6999,-6999,-.037,.2,.2,.2,26.33
20,2004,33,2000,0
20,2004,33,2010,0
20,2004,33,2020,0
10,2004,33,2030,22.62,85.4,0,0,-6999,683.8,-6999,-6999,-.037,.2,.2,.2,354.5
20,2004,33,2030,0
20,2004,33,2040,0
20,2004,33,2050,0
10,2004,33,2100,22.92,83.2,0,0,-6999,683.9,-6999,-6999,-.037,.2,.2,.2,284.6
20,2004,33,2100,0
20,2004,33,2110,0
20,2004,33,2120,0
10,2004,33,2130,23.05,81.9,0,0,-6999,684.1,-6999,-6999,-.037,.2,.2,.2,261.9
20,2004,33,2130,0
20,2004,33,2140,0
20,2004,33,2150,0
10,2004,33,2200,23.06,81.3,0,0,-6999,684.3,-6999,-6999,-.037,.2,.2,.2,212.7
20,2004,33,2200,0
20,2004,33,2210,0
20,2004,33,2220,0
10,2004,33,2230,22.94,81.7,0,0,-6999,684.4,-6999,-6999,-.037,.2,.2,.2,202.6
20,2004,33,2230,0
20,2004,33,2240,0
20,2004,33,2250,0
10,2004,33,2300,22.68,83.8,0,0,-6999,684.6,-6999,-6999,-.037,.2,.2,.2,201.3
20,2004,33,2300,0
20,2004,33,2310,0
20,2004,33,2320,0
10,2004,33,2330,22.47,84.2,0,0,-6999,684.6,-6999,-6999,-.037,.2,.2,.2,204.1
20,2004,33,2330,0
20,2004,33,2340,0
20,2004,33,2350,0
10,2004,33,2400,22.16,84.6,0,0,-6999,684.6,-6999,-6999,-.037,.2,.2,.2,209.4
20,2004,33,2400,0
3,2004,33,2400,28.78,19.2,23.15,92,718,52.57,1541,75.9,-6999,0,-6999,0,-6999,0
20,2004,34,10,0
20,2004,34,20,0
10,2004,34,30,21.52,90.2,0,0,-6999,684.7,-6999,-6999,-.037,.2,.2,.2,7.65
20,2004,34,30,0
20,2004,34,40,0
20,2004,34,50,0
10,2004,34,100,21.31,90.9,0,0,-6999,684.7,-6999,-6999,-.037,.2,.2,.2,352.2
20,2004,34,100,0
20,2004,34,110,0
20,2004,34,120,0
10,2004,34,130,20.89,90.3,0,0,-6999,684.4,-6999,-6999,-.037,.2,.2,.2,336.4
20,2004,34,130,0
20,2004,34,140,0
20,2004,34,150,0
10,2004,34,200,20.79,89.7,0,0,-6999,684.1,-6999,-6999,-.037,.2,.2,.2,296.8
20,2004,34,200,0
20,2004,34,210,0
20,2004,34,220,0
10,2004,34,230,20.59,91.5,0,0,-6999,683.9,-6999,-6999,-.037,.2,.2,.2,259.7
20,2004,34,230,0
20,2004,34,240,0
20,2004,34,250,0
10,2004,34,300,20.19,93.7,0,0,-6999,683.7,-6999,-6999,-.037,.2,.2,.2,265.1
20,2004,34,300,0
20,2004,34,310,0
20,2004,34,320,0
10,2004,34,330,20.22,93.5,0,0,-6999,683.5,-6999,-6999,-.037,.2,.2,.2,207.1
20,2004,34,330,0
20,2004,34,340,0
20,2004,34,350,0
10,2004,34,400,20.13,92.9,0,0,-6999,683.5,-6999,-6999,-.037,.2,.2,.2,204.1
20,2004,34,400,0
20,2004,34,410,0
20,2004,34,420,0
10,2004,34,430,20.07,93.1,0,0,-6999,683.5,-6999,-6999,-.037,.2,.2,.2,194.6
20,2004,34,430,0
20,2004,34,440,0
20,2004,34,450,0
10,2004,34,500,19.99,93.5,0,0,-6999,683.6,-6999,-6999,-.037,.2,.2,.2,196.5
20,2004,34,500,0
20,2004,34,510,0
20,2004,34,520,0
10,2004,34,530,19.63,95.9,0,0,-6999,683.8,-6999,-6999,-.037,.2,.2,.2,196.3
20,2004,34,530,0
20,2004,34,540,0
20,2004,34,550,0
10,2004,34,600,19.28,98.7,.348,0,-6999,683.8,-6999,-6999,-.037,.2,.2,.2,192.6
20,2004,34,600,0
20,2004,34,610,0
20,2004,34,620,0
10,2004,34,630,19.34,98.7,12.52,0,-6999,683.9,-6999,-6999,-.037,.2,.2,.2,198.8
20,2004,34,630,0
20,2004,34,640,0
20,2004,34,650,0
10,2004,34,700,19.51,98.3,72.9,0,-6999,684.1,-6999,-6999,-.037,.2,.2,.2,197.4
20,2004,34,700,0
20,2004,34,710,0
20,2004,34,720,0
10,2004,34,730,20.2,95,112.6,0,-6999,684.2,-6999,-6999,-.037,.2,.2,.2,193.1
20,2004,34,730,0
20,2004,34,740,0
20,2004,34,750,0
10,2004,34,800,20.71,92.9,371.7,0,-6999,684.3,-6999,-6999,-.037,.2,.2,.2,191
20,2004,34,800,0
20,2004,34,810,0
20,2004,34,820,0
10,2004,34,830,21.95,88.8,489.3,0,-6999,684.4,-6999,-6999,-.037,.2,.2,.2,191.6
20,2004,34,830,0
20,2004,34,840,0
20,2004,34,850,0
10,2004,34,900,23.02,82.6,587.2,0,-6999,684.6,-6999,-6999,-.037,.2,.2,.2,191.7
20,2004,34,900,0
20,2004,34,910,0
20,2004,34,920,0
10,2004,34,930,22.97,81.9,315,0,-6999,684.9,-6999,-6999,-.037,.2,.2,.2,186.2
20,2004,34,930,0
20,2004,34,940,0
20,2004,34,950,0
10,2004,34,1000,23.6,78.1,620.1,0,-6999,685.1,-6999,-6999,-.037,.2,.2,.2,193.6
20,2004,34,1000,0
20,2004,34,1010,0
20,2004,34,1020,0
10,2004,34,1030,24.59,76.8,675.7,0,-6999,685.1,-6999,-6999,-.037,.2,.2,.2,190.6
20,2004,34,1030,0
20,2004,34,1040,0
20,2004,34,1050,0
10,2004,34,1100,24.29,77.6,653.4,0,-6999,685.1,-6999,-6999,-.037,.2,.2,.2,192.8
20,2004,34,1100,0
20,2004,34,1110,0
20,2004,34,1120,0
10,2004,34,1130,25.2,73.8,794,0,-6999,684.9,-6999,-6999,-.037,.2,.2,.2,177.7
20,2004,34,1130,0
20,2004,34,1140,0
20,2004,34,1150,0
10,2004,34,1200,25.44,73.2,734,0,-6999,684.7,-6999,-6999,-.037,.2,.2,.2,185.8
20,2004,34,1200,0
20,2004,34,1210,0
20,2004,34,1220,0
10,2004,34,1230,26.17,70,904,0,-6999,684.5,-6999,-6999,-.037,.2,.2,.2,188
20,2004,34,1230,0
20,2004,34,1240,0
20,2004,34,1250,0
10,2004,34,1300,26.41,68.24,521.6,0,-6999,684.4,-6999,-6999,-.037,.2,.2,.2,183.5
20,2004,34,1300,0
20,2004,34,1310,0
20,2004,34,1320,0
10,2004,34,1330,27,67.34,978,0,-6999,684.1,-6999,-6999,-.037,.2,.2,.2,186.6
20,2004,34,1330,0
20,2004,34,1340,0
20,2004,34,1350,0
10,2004,34,1400,27.19,66.36,723,0,-6999,683.6,-6999,-6999,-.037,.2,.2,.2,175.1
20,2004,34,1400,0
20,2004,34,1410,0
20,2004,34,1420,0
10,2004,34,1430,27.32,64.07,555.6,0,-6999,683.4,-6999,-6999,-.037,.2,.2,.2,179.2
20,2004,34,1430,0
20,2004,34,1440,0
20,2004,34,1450,0
10,2004,34,1500,26.52,67.95,314.1,0,-6999,683,-6999,-6999,-.037,.2,.2,.2,201.1
20,2004,34,1500,0
20,2004,34,1510,0
20,2004,34,1520,0
10,2004,34,1530,23.55,79.1,189.2,0,-6999,683,-6999,-6999,-.037,.2,.2,.2,198.6
20,2004,34,1530,0
20,2004,34,1540,0
20,2004,34,1550,0
10,2004,34,1600,22.91,86.3,98.3,0,-6999,682.9,-6999,-6999,-.037,.2,.2,.2,205.9
20,2004,34,1600,0
20,2004,34,1610,0
20,2004,34,1620,0
10,2004,34,1630,22.6,87.2,47.03,0,-6999,682.9,-6999,-6999,-.037,.2,.2,.2,345
20,2004,34,1630,0
20,2004,34,1640,0
20,2004,34,1650,0
10,2004,34,1700,22.4,87.5,39.98,0,-6999,682.9,-6999,-6999,-.037,.2,.2,.2,17.87
20,2004,34,1700,0
20,2004,34,1710,0
20,2004,34,1720,0
10,2004,34,1730,21.96,91.9,61.71,0,-6999,683.1,-6999,-6999,-.037,.2,.2,.2,33.79
20,2004,34,1730,0
20,2004,34,1740,0
20,2004,34,1750,0
10,2004,34,1800,21.99,91.3,88.3,0,-6999,683.1,-6999,-6999,-.037,.2,.2,.2,33.1
20,2004,34,1800,0
20,2004,34,1810,0
20,2004,34,1820,0
10,2004,34,1830,22.33,88.5,59.49,0,-6999,683.3,-6999,-6999,-.037,.2,.2,.2,46.15
20,2004,34,1830,0
20,2004,34,1840,0
20,2004,34,1850,0
10,2004,34,1900,22.03,89.5,20.68,0,-6999,683.3,-6999,-6999,-.037,.2,.2,.2,88.6
20,2004,34,1900,0
20,2004,34,1910,0
20,2004,34,1920,0
10,2004,34,1930,21.38,91.9,.756,0,-6999,683.3,-6999,-6999,-.037,.2,.2,.2,171.9
20,2004,34,1930,0
20,2004,34,1940,0
20,2004,34,1950,0
10,2004,34,2000,20.97,93.1,0,0,-6999,683.2,-6999,-6999,-.037,.2,.2,.2,219.8
20,2004,34,2000,0
20,2004,34,2010,0
20,2004,34,2020,0
10,2004,34,2030,21.1,91,0,0,-6999,683.2,-6999,-6999,-.037,.2,.2,.2,296.7
20,2004,34,2030,0
20,2004,34,2040,0
20,2004,34,2050,0
10,2004,34,2100,21.71,84.1,0,0,-6999,683.4,-6999,-6999,-.037,.2,.2,.2,341.7
20,2004,34,2100,0
20,2004,34,2110,0
20,2004,34,2120,0
10,2004,34,2130,21.23,87.1,0,0,-6999,683.6,-6999,-6999,-.037,.2,.2,.2,6.738
20,2004,34,2130,0
20,2004,34,2140,0
20,2004,34,2150,0
10,2004,34,2200,21.7,82.8,0,0,-6999,683.9,-6999,-6999,-.037,.2,.2,.2,348.8
20,2004,34,2200,0
20,2004,34,2210,0
20,2004,34,2220,0
10,2004,34,2230,21.99,81.1,0,0,-6999,684.3,-6999,-6999,-.037,.2,.2,.2,334.8
20,2004,34,2230,0
20,2004,34,2240,0
20,2004,34,2250,0
10,2004,34,2300,21.82,83,0,0,-6999,684.7,-6999,-6999,-.037,.2,.2,.2,227.1
20,2004,34,2300,0
20,2004,34,2310,0
20,2004,34,2320,0
10,2004,34,2330,21.38,87.2,0,0,-6999,684.8,-6999,-6999,-.037,.2,.2,.2,4.045
20,2004,34,2330,0
20,2004,34,2340,0
20,2004,34,2350,0
10,2004,34,2400,21.18,91.3,0,0,-6999,684.7,-6999,-6999,-.037,.2,.2,.2,356.7
20,2004,34,2400,0
3,2004,34,2400,27.92,19.13,22.3,99.1,602,59.44,1427,85.6,-6999,0,-6999,0,-6999,0
20,2004,35,10,0
20,2004,35,20,0
10,2004,35,30,21.18,93.4,0,0,-6999,684.7,-6999,-6999,-.037,.2,.2,.2,345.6
20,2004,35,30,0
20,2004,35,40,0
20,2004,35,50,0
10,2004,35,100,21.51,91.5,0,0,-6999,684.6,-6999,-6999,-.037,.2,.2,.2,339.8
20,2004,35,100,0
20,2004,35,110,0
20,2004,35,120,0
10,2004,35,130,21.93,86.6,0,0,-6999,684.5,-6999,-6999,-.037,.2,.2,.2,339
20,2004,35,130,0
20,2004,35,140,0
20,2004,35,150,0
10,2004,35,200,21.89,85.9,0,0,-6999,684.4,-6999,-6999,-.037,.2,.2,.2,331.3
20,2004,35,200,0
20,2004,35,210,0
20,2004,35,220,0
10,2004,35,230,21.86,86,0,0,-6999,684.2,-6999,-6999,-.037,.2,.2,.2,317.8
20,2004,35,230,0
20,2004,35,240,0
20,2004,35,250,0
10,2004,35,300,21.68,86.8,0,0,-6999,684.1,-6999,-6999,-.037,.2,.2,.2,341.8
20,2004,35,300,0
20,2004,35,310,0
20,2004,35,320,0
10,2004,35,330,21.17,90.5,0,0,-6999,684.1,-6999,-6999,-.037,.2,.2,.2,356.7
20,2004,35,330,0
20,2004,35,340,0
20,2004,35,350,0
10,2004,35,400,21.08,92.2,0,0,-6999,684,-6999,-6999,-.037,.2,.2,.2,1.216
20,2004,35,400,0
20,2004,35,410,0
20,2004,35,420,0
10,2004,35,430,21,93.1,0,0,-6999,684,-6999,-6999,-.037,.2,.2,.2,41.94
20,2004,35,430,0
20,2004,35,440,0
20,2004,35,450,0
10,2004,35,500,20.67,95.2,0,0,-6999,684.2,-6999,-6999,-.037,.2,.2,.2,22.62
20,2004,35,500,0
20,2004,35,510,0
20,2004,35,520,0
10,2004,35,530,20.63,94.8,0,0,-6999,684.2,-6999,-6999,-.037,.2,.2,.2,324.8
20,2004,35,530,0
20,2004,35,540,0
20,2004,35,550,0
10,2004,35,600,21.56,87.3,.134,0,-6999,684.4,-6999,-6999,-.037,.2,.2,.2,211.6
20,2004,35,600,0
20,2004,35,610,0
20,2004,35,620,0
10,2004,35,630,21.6,87.5,7.41,0,-6999,684.6,-6999,-6999,-.037,.2,.2,.2,199
20,2004,35,630,0
20,2004,35,640,0
20,2004,35,650,0
10,2004,35,700,21.76,87.4,44.09,0,-6999,685,-6999,-6999,-.037,.2,.2,.2,207.9
20,2004,35,700,0
20,2004,35,710,0
20,2004,35,720,0
10,2004,35,730,22.01,88.3,95,0,-6999,685.2,-6999,-6999,-.037,.2,.2,.2,217.3
20,2004,35,730,0
20,2004,35,740,0
20,2004,35,750,0
10,2004,35,800,22.51,88,161.6,0,-6999,685.3,-6999,-6999,-.037,.2,.2,.2,207.6
20,2004,35,800,0
20,2004,35,810,0
20,2004,35,820,0
10,2004,35,830,23.65,83.1,346.8,0,-6999,685.4,-6999,-6999,-.037,.2,.2,.2,200.2
20,2004,35,830,0
20,2004,35,840,0
20,2004,35,850,0
10,2004,35,900,24.32,79.8,559.9,0,-6999,685.4,-6999,-6999,-.037,.2,.2,.2,198.1
20,2004,35,900,0
20,2004,35,910,0
20,2004,35,920,0
10,2004,35,930,24.91,76.8,653.1,0,-6999,685.5,-6999,-6999,-.037,.2,.2,.2,199.2
20,2004,35,930,0
20,2004,35,940,0
20,2004,35,950,0
10,2004,35,1000,25.36,75.1,697,0,-6999,685.6,-6999,-6999,-.037,.2,.2,.2,196.9
20,2004,35,1000,0
20,2004,35,1010,0
20,2004,35,1020,0
10,2004,35,1030,25.66,72.1,749,0,-6999,685.5,-6999,-6999,-.037,.2,.2,.2,194.9
20,2004,35,1030,0
20,2004,35,1040,0
20,2004,35,1050,0
10,2004,35,1100,26.2,70.7,828,0,-6999,685.4,-6999,-6999,-.037,.2,.2,.2,188.4
20,2004,35,1100,0
20,2004,35,1110,0
20,2004,35,1120,0
10,2004,35,1130,26.38,71.9,693.4,0,-6999,685.3,-6999,-6999,-.037,.2,.2,.2,194
20,2004,35,1130,0
20,2004,35,1140,0
20,2004,35,1150,0
10,2004,35,1200,26.19,72.3,596.6,0,-6999,685.1,-6999,-6999,-.037,.2,.2,.2,182.6
20,2004,35,1200,0
20,2004,35,1210,0
20,2004,35,1220,0
10,2004,35,1230,27.19,66.37,871,0,-6999,685,-6999,-6999,-.037,.2,.2,.2,182.2
20,2004,35,1230,0
20,2004,35,1240,0
20,2004,35,1250,0
10,2004,35,1300,27.91,63.02,891,0,-6999,684.7,-6999,-6999,-.037,.2,.2,.2,185.1
20,2004,35,1300,0
20,2004,35,1310,0
20,2004,35,1320,0
10,2004,35,1330,28.22,62.05,1003,0,-6999,684.5,-6999,-6999,-.037,.2,.2,.2,186.4
20,2004,35,1330,0
20,2004,35,1340,0
20,2004,35,1350,0
10,2004,35,1400,28.39,60.01,742,0,-6999,684.3,-6999,-6999,-.037,.2,.2,.2,179.5
20,2004,35,1400,0
20,2004,35,1410,0
20,2004,35,1420,0
10,2004,35,1430,28.61,59.4,669.6,0,-6999,684.1,-6999,-6999,-.037,.2,.2,.2,175.2
20,2004,35,1430,0
20,2004,35,1440,0
20,2004,35,1450,0
10,2004,35,1500,26.93,65.02,399.4,0,-6999,683.8,-6999,-6999,-.037,.2,.2,.2,205.2
20,2004,35,1500,0
20,2004,35,1510,.1
20,2004,35,1520,2.9
10,2004,35,1530,22.85,85.2,55.72,0,-6999,683.7,-6999,-6999,-.037,.2,.2,.2,240.5
20,2004,35,1530,.3
20,2004,35,1540,.2
20,2004,35,1550,0
10,2004,35,1600,22.64,92.9,80.6,0,-6999,683.2,-6999,-6999,-.037,.2,.2,.2,222.6
20,2004,35,1600,0
20,2004,35,1610,.1
20,2004,35,1620,0
10,2004,35,1630,24.11,87.4,207.3,0,-6999,682.9,-6999,-6999,-.037,.2,.2,.2,204.4
20,2004,35,1630,0
20,2004,35,1640,0
20,2004,35,1650,0
10,2004,35,1700,25.26,81.9,237.7,0,-6999,682.8,-6999,-6999,-.037,.2,.2,.2,206.1
20,2004,35,1700,0
20,2004,35,1710,0
20,2004,35,1720,0
10,2004,35,1730,25.22,81.4,212.2,0,-6999,682.7,-6999,-6999,-.037,.2,.2,.2,167.8
20,2004,35,1730,0
20,2004,35,1740,0
20,2004,35,1750,0
10,2004,35,1800,25.21,81.8,118.9,0,-6999,682.6,-6999,-6999,-.037,.2,.2,.2,204.3
20,2004,35,1800,0
20,2004,35,1810,0
20,2004,35,1820,0
10,2004,35,1830,25.05,84,64.77,0,-6999,682.7,-6999,-6999,-.037,.2,.2,.2,221.4
20,2004,35,1830,0
20,2004,35,1840,0
20,2004,35,1850,0
10,2004,35,1900,24.57,83.3,31.85,0,-6999,682.8,-6999,-6999,-.037,.2,.2,.2,232.4
20,2004,35,1900,0
20,2004,35,1910,0
20,2004,35,1920,0
10,2004,35,1930,23.78,87.4,2.025,0,-6999,682.9,-6999,-6999,-.037,.2,.2,.2,205.8
20,2004,35,1930,0
20,2004,35,1940,0
20,2004,35,1950,0
10,2004,35,2000,23.08,91.4,0,0,-6999,683.2,-6999,-6999,-.037,.2,.2,.2,210.5
20,2004,35,2000,0
20,2004,35,2010,0
20,2004,35,2020,0
10,2004,35,2030,22.73,90.4,0,0,-6999,683.4,-6999,-6999,-.037,.2,.2,.2,259
20,2004,35,2030,0
20,2004,35,2040,0
20,2004,35,2050,0
10,2004,35,2100,22.66,87.9,0,0,-6999,683.9,-6999,-6999,-.037,.2,.2,.2,246.7
20,2004,35,2100,0
20,2004,35,2110,0
20,2004,35,2120,0
10,2004,35,2130,22.86,84,0,0,-6999,684.1,-6999,-6999,-.037,.2,.2,.2,229.7
20,2004,35,2130,0
20,2004,35,2140,0
20,2004,35,2150,0
10,2004,35,2200,23.23,82,0,0,-6999,684.3,-6999,-6999,-.037,.2,.2,.2,218.2
20,2004,35,2200,0
20,2004,35,2210,0
20,2004,35,2220,0
10,2004,35,2230,23.56,79.6,0,0,-6999,684.5,-6999,-6999,-.037,.2,.2,.2,262.5
20,2004,35,2230,0
20,2004,35,2240,0
20,2004,35,2250,0
10,2004,35,2300,23.56,80.2,0,0,-6999,684.5,-6999,-6999,-.037,.2,.2,.2,204.5
20,2004,35,2300,0
20,2004,35,2310,0
20,2004,35,2320,0
10,2004,35,2330,23.38,80.3,0,0,-6999,684.6,-6999,-6999,-.037,.2,.2,.2,208.7
20,2004,35,2330,0
20,2004,35,2340,0
20,2004,35,2350,0
10,2004,35,2400,23.48,78.4,0,0,-6999,684.6,-6999,-6999,-.037,.2,.2,.2,192.6
20,2004,35,2400,0
3,2004,35,2400,28.98,20.48,23.77,96.1,459,56.03,1415,81.9,-6999,0,-6999,0,-6999,3.6
20,2004,36,10,0
20,2004,36,20,0
10,2004,36,30,23.55,77.7,0,0,-6999,684.4,-6999,-6999,-.037,.2,.2,.2,203
20,2004,36,30,0
20,2004,36,40,0
20,2004,36,50,0
10,2004,36,100,23.27,78.1,0,0,-6999,684.2,-6999,-6999,-.037,.2,.2,.2,199.7
20,2004,36,100,0
20,2004,36,110,0
20,2004,36,120,0
10,2004,36,130,22.98,78.5,0,0,-6999,684.1,-6999,-6999,-.037,.2,.2,.2,203.4
20,2004,36,130,0
20,2004,36,140,0
20,2004,36,150,0
10,2004,36,200,22.42,83.1,0,0,-6999,683.9,-6999,-6999,-.037,.2,.2,.2,194.1
20,2004,36,200,0
20,2004,36,210,0
20,2004,36,220,0
10,2004,36,230,21.6,89.3,0,0,-6999,684,-6999,-6999,-.037,.2,.2,.2,199.7
20,2004,36,230,0
20,2004,36,240,0
20,2004,36,250,0
10,2004,36,300,21.11,93.1,0,0,-6999,683.9,-6999,-6999,-.037,.2,.2,.2,198.7
20,2004,36,300,0
20,2004,36,310,0
20,2004,36,320,0
10,2004,36,330,20.97,95.1,0,0,-6999,683.9,-6999,-6999,-.037,.2,.2,.2,180.7
20,2004,36,330,0
20,2004,36,340,0
20,2004,36,350,0
10,2004,36,400,20.93,95.2,0,0,-6999,683.7,-6999,-6999,-.037,.2,.2,.2,166.7
20,2004,36,400,0
20,2004,36,410,0
20,2004,36,420,0
10,2004,36,430,20.69,96,0,0,-6999,683.7,-6999,-6999,-.037,.2,.2,.2,177.8
20,2004,36,430,0
20,2004,36,440,0
20,2004,36,450,0
10,2004,36,500,20.73,96.1,0,0,-6999,683.7,-6999,-6999,-.037,.2,.2,.2,213.3
20,2004,36,500,0
20,2004,36,510,0
20,2004,36,520,0
10,2004,36,530,20.7,96.5,0,0,-6999,683.8,-6999,-6999,-.037,.2,.2,.2,193.2
20,2004,36,530,0
20,2004,36,540,0
20,2004,36,550,0
10,2004,36,600,21.02,94.1,.194,0,-6999,683.9,-6999,-6999,-.037,.2,.2,.2,203.1
20,2004,36,600,0
20,2004,36,610,0
20,2004,36,620,0
10,2004,36,630,21.17,93.4,9.32,0,-6999,684.2,-6999,-6999,-.037,.2,.2,.2,198.3
20,2004,36,630,0
20,2004,36,640,0
20,2004,36,650,0
10,2004,36,700,21.67,91.2,113.9,0,-6999,684.5,-6999,-6999,-.037,.2,.2,.2,193.4
20,2004,36,700,0
20,2004,36,710,0
20,2004,36,720,0
10,2004,36,730,22.62,86.2,226.6,0,-6999,684.6,-6999,-6999,-.037,.2,.2,.2,191.9
20,2004,36,730,0
20,2004,36,740,0
20,2004,36,750,0
10,2004,36,800,23.04,84.9,193.9,0,-6999,684.9,-6999,-6999,-.037,.2,.2,.2,194.5
20,2004,36,800,0
20,2004,36,810,0
20,2004,36,820,0
10,2004,36,830,23.54,83.5,289,0,-6999,685.1,-6999,-6999,-.037,.2,.2,.2,186.4
20,2004,36,830,0
20,2004,36,840,0
20,2004,36,850,0
10,2004,36,900,24.06,82.6,576.6,0,-6999,685.3,-6999,-6999,-.037,.2,.2,.2,185.7
20,2004,36,900,0
20,2004,36,910,0
20,2004,36,920,0
10,2004,36,930,24.51,81.1,489.7,0,-6999,685.6,-6999,-6999,-.037,.2,.2,.2,176.7
20,2004,36,930,0
20,2004,36,940,0
20,2004,36,950,0
10,2004,36,1000,24.17,82.7,244.8,0,-6999,685.6,-6999,-6999,-.037,.2,.2,.2,185.3
20,2004,36,1000,0
20,2004,36,1010,0
20,2004,36,1020,0
10,2004,36,1030,24.54,79.5,561.7,0,-6999,685.5,-6999,-6999,-.037,.2,.2,.2,181.3
20,2004,36,1030,0
20,2004,36,1040,0
20,2004,36,1050,0
10,2004,36,1100,25.42,76.9,650.1,0,-6999,685.4,-6999,-6999,-.037,.2,.2,.2,170.3
20,2004,36,1100,0
20,2004,36,1110,0
20,2004,36,1120,0
10,2004,36,1130,25.34,75,687.7,0,-6999,685.2,-6999,-6999,-.037,.2,.2,.2,164.3
20,2004,36,1130,0
20,2004,36,1140,0
20,2004,36,1150,0
10,2004,36,1200,26.36,72.3,907,0,-6999,684.8,-6999,-6999,-.037,.2,.2,.2,164.6
20,2004,36,1200,0
20,2004,36,1210,0
20,2004,36,1220,0
10,2004,36,1230,26.61,70.8,638.2,0,-6999,684.6,-6999,-6999,-.037,.2,.2,.2,181.1
20,2004,36,1230,0
20,2004,36,1240,0
20,2004,36,1250,0
10,2004,36,1300,26.71,69.15,351.4,0,-6999,684.5,-6999,-6999,-.037,.2,.2,.2,177.3
20,2004,36,1300,0
20,2004,36,1310,0
20,2004,36,1320,0
10,2004,36,1330,26.89,68.13,485.6,0,-6999,684.2,-6999,-6999,-.037,.2,.2,.2,186.5
20,2004,36,1330,0
20,2004,36,1340,0
20,2004,36,1350,0
10,2004,36,1400,27.03,67.97,471.1,0,-6999,683.7,-6999,-6999,-.037,.2,.2,.2,180.5
20,2004,36,1400,0
20,2004,36,1410,0
20,2004,36,1420,0
10,2004,36,1430,27.38,66.83,676.9,0,-6999,683.3,-6999,-6999,-.037,.2,.2,.2,183.8
20,2004,36,1430,0
20,2004,36,1440,0
20,2004,36,1450,0
10,2004,36,1500,28.07,65.18,854,0,-6999,682.9,-6999,-6999,-.037,.2,.2,.2,186.4
20,2004,36,1500,0
20,2004,36,1510,0
20,2004,36,1520,0
10,2004,36,1530,28.06,66.07,550.7,0,-6999,682.6,-6999,-6999,-.037,.2,.2,.2,186.4
20,2004,36,1530,0
20,2004,36,1540,0
20,2004,36,1550,0
10,2004,36,1600,27.57,67.48,234.4,0,-6999,682.4,-6999,-6999,-.037,.2,.2,.2,188.5
20,2004,36,1600,0
20,2004,36,1610,0
20,2004,36,1620,0
10,2004,36,1630,27.82,65.47,367.3,0,-6999,682.1,-6999,-6999,-.037,.2,.2,.2,177.8
20,2004,36,1630,0
20,2004,36,1640,0
20,2004,36,1650,0
10,2004,36,1700,27.86,65.71,335.8,0,-6999,681.9,-6999,-6999,-.037,.2,.2,.2,178.7
20,2004,36,1700,0
20,2004,36,1710,0
20,2004,36,1720,0
10,2004,36,1730,27.67,65.7,201.7,0,-6999,681.7,-6999,-6999,-.037,.2,.2,.2,174
20,2004,36,1730,0
20,2004,36,1740,0
20,2004,36,1750,0
10,2004,36,1800,27.27,68.65,122.8,0,-6999,681.6,-6999,-6999,-.037,.2,.2,.2,175.3
20,2004,36,1800,0
20,2004,36,1810,0
20,2004,36,1820,0
10,2004,36,1830,27.21,68.81,135.4,0,-6999,681.6,-6999,-6999,-.037,.2,.2,.2,175
20,2004,36,1830,0
20,2004,36,1840,0
20,2004,36,1850,0
10,2004,36,1900,26.52,70.3,33.13,0,-6999,681.6,-6999,-6999,-.037,.2,.2,.2,158.3
20,2004,36,1900,0
20,2004,36,1910,0
20,2004,36,1920,0
10,2004,36,1930,25.64,73.4,.815,0,-6999,681.9,-6999,-6999,-.037,.2,.2,.2,151
20,2004,36,1930,0
20,2004,36,1940,0
20,2004,36,1950,0
10,2004,36,2000,25.5,74.3,0,0,-6999,682.1,-6999,-6999,-.037,.2,.2,.2,165.9
20,2004,36,2000,0
20,2004,36,2010,0
20,2004,36,2020,0
10,2004,36,2030,25.18,77.4,0,0,-6999,682.4,-6999,-6999,-.037,.2,.2,.2,153.4
20,2004,36,2030,0
20,2004,36,2040,0
20,2004,36,2050,0
10,2004,36,2100,23.86,86.9,0,0,-6999,682.8,-6999,-6999,-.037,.2,.2,.2,35.42
20,2004,36,2100,0
20,2004,36,2110,0
20,2004,36,2120,0
10,2004,36,2130,22.6,91.5,0,0,-6999,683.1,-6999,-6999,-.037,.2,.2,.2,34.05
20,2004,36,2130,0
20,2004,36,2140,0
20,2004,36,2150,0
10,2004,36,2200,22.38,90.2,0,0,-6999,683.4,-6999,-6999,-.037,.2,.2,.2,24.92
20,2004,36,2200,0
20,2004,36,2210,0
20,2004,36,2220,0
10,2004,36,2230,22.2,92.4,0,0,-6999,683.4,-6999,-6999,-.037,.2,.2,.2,21.29
20,2004,36,2230,0
20,2004,36,2240,0
20,2004,36,2250,0
10,2004,36,2300,21.95,94.2,0,0,-6999,683.3,-6999,-6999,-.037,.2,.2,.2,16.59
20,2004,36,2300,0
20,2004,36,2310,0
20,2004,36,2320,0
10,2004,36,2330,21.46,96.1,0,0,-6999,683.1,-6999,-6999,-.037,.2,.2,.2,18.02
20,2004,36,2330,0
20,2004,36,2340,0
20,2004,36,2350,0
10,2004,36,2400,21.02,97.9,0,0,-6999,683.1,-6999,-6999,-.037,.2,.2,.2,22.48
20,2004,36,2400,0
3,2004,36,2400,28.59,20.53,24.18,98.4,2358,61.94,1507,80.9,-6999,0,-6999,0,-6999,0
20,2004,37,10,0
20,2004,37,20,0
10,2004,37,30,20.81,98.4,0,0,-6999,683,-6999,-6999,-.037,.2,.2,.2,23.61
20,2004,37,30,0
20,2004,37,40,0
20,2004,37,50,0
10,2004,37,100,20.84,98.3,0,0,-6999,682.9,-6999,-6999,-.037,.2,.2,.2,17.46
20,2004,37,100,0
20,2004,37,110,0
20,2004,37,120,0
10,2004,37,130,21.18,95.7,0,0,-6999,682.6,-6999,-6999,-.037,.2,.2,.2,5.659
20,2004,37,130,0
20,2004,37,140,0
20,2004,37,150,0
10,2004,37,200,21.62,92,0,0,-6999,682.3,-6999,-6999,-.037,.2,.2,.2,8.22
20,2004,37,200,0
20,2004,37,210,0
20,2004,37,220,0
10,2004,37,230,21.7,89.9,0,0,-6999,682.2,-6999,-6999,-.037,.2,.2,.2,19.68
20,2004,37,230,0
20,2004,37,240,0
20,2004,37,250,0
10,2004,37,300,21.7,89.6,0,0,-6999,681.9,-6999,-6999,-.037,.2,.2,.2,13.28
20,2004,37,300,0
20,2004,37,310,0
20,2004,37,320,0
10,2004,37,330,21.42,91.3,0,0,-6999,681.8,-6999,-6999,-.037,.2,.2,.2,23.68
20,2004,37,330,0
20,2004,37,340,0
20,2004,37,350,0
10,2004,37,400,21.41,92.1,0,0,-6999,681.8,-6999,-6999,-.037,.2,.2,.2,18.03
20,2004,37,400,0
20,2004,37,410,0
20,2004,37,420,0
10,2004,37,430,21.65,91,0,0,-6999,682,-6999,-6999,-.037,.2,.2,.2,19
20,2004,37,430,0
20,2004,37,440,0
20,2004,37,450,0
10,2004,37,500,21.64,90.5,0,0,-6999,681.9,-6999,-6999,-.037,.2,.2,.2,348.6
20,2004,37,500,0
20,2004,37,510,0
20,2004,37,520,0
10,2004,37,530,20.86,94.3,0,0,-6999,682,-6999,-6999,-.037,.2,.2,.2,331
20,2004,37,530,0
20,2004,37,540,0
20,2004,37,550,0
10,2004,37,600,20.52,95.2,.056,0,-6999,681.9,-6999,-6999,-.037,.2,.2,.2,229.7
20,2004,37,600,0
20,2004,37,610,0
20,2004,37,620,0
10,2004,37,630,20.08,97.9,8.84,0,-6999,682.2,-6999,-6999,-.037,.2,.2,.2,197.9
20,2004,37,630,0
20,2004,37,640,0
20,2004,37,650,0
10,2004,37,700,20.41,97.2,57.91,0,-6999,682.3,-6999,-6999,-.037,.2,.2,.2,195.7
20,2004,37,700,0
20,2004,37,710,0
20,2004,37,720,0
10,2004,37,730,21.15,95.5,175.9,0,-6999,682.4,-6999,-6999,-.037,.2,.2,.2,195.4
20,2004,37,730,0
20,2004,37,740,0
20,2004,37,750,0
10,2004,37,800,21.53,94.6,182.8,0,-6999,682.7,-6999,-6999,-.037,.2,.2,.2,197.6
20,2004,37,800,0
20,2004,37,810,0
20,2004,37,820,0
10,2004,37,830,21.69,94.1,111.6,0,-6999,682.9,-6999,-6999,-.037,.2,.2,.2,195.3
20,2004,37,830,.6
20,2004,37,840,.1
20,2004,37,850,.1
10,2004,37,900,21.24,96.5,203.2,0,-6999,683.1,-6999,-6999,-.037,.2,.2,.2,197.4
20,2004,37,900,0
20,2004,37,910,0
20,2004,37,920,0
10,2004,37,930,21.31,96.2,200.7,0,-6999,683.2,-6999,-6999,-.037,.2,.2,.2,197.6
20,2004,37,930,0
20,2004,37,940,0
20,2004,37,950,0
10,2004,37,1000,22.16,95.2,627.4,0,-6999,683.3,-6999,-6999,-.037,.2,.2,.2,197.6
20,2004,37,1000,0
20,2004,37,1010,0
20,2004,37,1020,0
10,2004,37,1030,23.57,87.7,624.7,0,-6999,683.2,-6999,-6999,-.037,.2,.2,.2,194.6
20,2004,37,1030,0
20,2004,37,1040,0
20,2004,37,1050,0
10,2004,37,1100,24.41,82.4,550.5,0,-6999,683.1,-6999,-6999,-.037,.2,.2,.2,190.2
20,2004,37,1100,0
20,2004,37,1110,0
20,2004,37,1120,0
10,2004,37,1130,24.17,83,154.8,0,-6999,683,-6999,-6999,-.037,.2,.2,.2,186.1
20,2004,37,1130,0
20,2004,37,1140,0
20,2004,37,1150,.1
10,2004,37,1200,23.55,89.3,175.1,0,-6999,682.8,-6999,-6999,-.037,.2,.2,.2,183.8
20,2004,37,1200,0
20,2004,37,1210,0
20,2004,37,1220,0
10,2004,37,1230,23.47,91,201,0,-6999,682.9,-6999,-6999,-.037,.2,.2,.2,181
20,2004,37,1230,0
20,2004,37,1240,0
20,2004,37,1250,0
10,2004,37,1300,23.1,92.4,252.5,0,-6999,682.7,-6999,-6999,-.037,.2,.2,.2,173.3
20,2004,37,1300,0
20,2004,37,1310,0
20,2004,37,1320,0
10,2004,37,1330,23.91,90.2,620.3,0,-6999,682.5,-6999,-6999,-.037,.2,.2,.2,179.1
20,2004,37,1330,.1
20,2004,37,1340,0
20,2004,37,1350,0
10,2004,37,1400,24.71,85.2,693,0,-6999,682,-6999,-6999,-.037,.2,.2,.2,175.9
20,2004,37,1400,0
20,2004,37,1410,0
20,2004,37,1420,0
10,2004,37,1430,24.03,86.7,273.5,0,-6999,681.6,-6999,-6999,-.037,.2,.2,.2,173.4
20,2004,37,1430,0
20,2004,37,1440,0
20,2004,37,1450,0
10,2004,37,1500,23.74,88.7,304.7,0,-6999,681.3,-6999,-6999,-.037,.2,.2,.2,164.4
20,2004,37,1500,0
20,2004,37,1510,0
20,2004,37,1520,0
10,2004,37,1530,24.19,85.6,360.3,0,-6999,681.1,-6999,-6999,-.037,.2,.2,.2,184.8
20,2004,37,1530,.1
20,2004,37,1540,.1
20,2004,37,1550,0
10,2004,37,1600,23.56,91.2,347.7,0,-6999,681,-6999,-6999,-.037,.2,.2,.2,174
20,2004,37,1600,0
20,2004,37,1610,0
20,2004,37,1620,0
10,2004,37,1630,23.3,88.2,74.1,0,-6999,680.7,-6999,-6999,-.037,.2,.2,.2,172.1
20,2004,37,1630,0
20,2004,37,1640,0
20,2004,37,1650,.5
10,2004,37,1700,22.37,93.5,37.83,0,-6999,680.7,-6999,-6999,-.037,.2,.2,.2,172.2
20,2004,37,1700,5.6
20,2004,37,1710,0
20,2004,37,1720,0
10,2004,37,1730,21.37,98.5,85.3,0,-6999,680.8,-6999,-6999,-.037,.2,.2,.2,157.6
20,2004,37,1730,0
20,2004,37,1740,0
20,2004,37,1750,0
10,2004,37,1800,21.66,99,55.72,0,-6999,680.9,-6999,-6999,-.037,.2,.2,.2,145.3
20,2004,37,1800,0
20,2004,37,1810,0
20,2004,37,1820,4
10,2004,37,1830,21.22,98.8,8.59,0,-6999,681.1,-6999,-6999,-.037,.2,.2,.2,44.63
20,2004,37,1830,8
20,2004,37,1840,10
20,2004,37,1850,6.7
10,2004,37,1900,20.1,100,.2,0,-6999,681.5,-6999,-6999,-.037,.2,.2,.2,3.39
20,2004,37,1900,4
20,2004,37,1910,1.9
20,2004,37,1920,1.4
10,2004,37,1930,20.03,100.5,0,0,-6999,681.8,-6999,-6999,-.037,.2,.2,.2,6.318
20,2004,37,1930,1.5
20,2004,37,1940,2.8
20,2004,37,1950,2.4
10,2004,37,2000,19.55,100.6,0,0,-6999,682.3,-6999,-6999,-.037,.2,.2,.2,349.8
20,2004,37,2000,1.9
20,2004,37,2010,.6
20,2004,37,2020,.3
10,2004,37,2030,19.29,100.6,0,0,-6999,682.5,-6999,-6999,-.037,.2,.2,.2,358.4
20,2004,37,2030,.6
20,2004,37,2040,.4
20,2004,37,2050,.1
10,2004,37,2100,18.91,100.5,0,0,-6999,682.6,-6999,-6999,-.037,.2,.2,.2,.939
20,2004,37,2100,.2
20,2004,37,2110,.1
20,2004,37,2120,0
10,2004,37,2130,18.65,100.3,0,0,-6999,682.5,-6999,-6999,-.037,.2,.2,.2,356.4
20,2004,37,2130,0
20,2004,37,2140,0
20,2004,37,2150,0
10,2004,37,2200,18.17,99.9,0,0,-6999,682.6,-6999,-6999,-.037,.2,.2,.2,356.5
20,2004,37,2200,.1
20,2004,37,2210,0
20,2004,37,2220,0
10,2004,37,2230,18.04,99.8,0,0,-6999,682.8,-6999,-6999,-.037,.2,.2,.2,352.8
20,2004,37,2230,0
20,2004,37,2240,0
20,2004,37,2250,0
10,2004,37,2300,17.9,98.1,0,0,-6999,683.1,-6999,-6999,-.037,.2,.2,.2,350.4
20,2004,37,2300,0
20,2004,37,2310,0
20,2004,37,2320,0
10,2004,37,2330,17.92,92.2,0,0,-6999,683.2,-6999,-6999,-.037,.2,.2,.2,352.7
20,2004,37,2330,0
20,2004,37,2340,0
20,2004,37,2350,0
10,2004,37,2400,17.63,91.5,0,0,-6999,682.9,-6999,-6999,-.037,.2,.2,.2,351.9
20,2004,37,2400,0
3,2004,37,2400,25.3,17.44,21.4,100.7,1938,78.8,1056,93.8,-6999,0,-6999,0,-6999,54.3
20,2004,38,10,0
20,2004,38,20,0
10,2004,38,30,17.43,92.8,0,0,-6999,682.8,-6999,-6999,-.037,.2,.2,.2,350.3
20,2004,38,30,0
20,2004,38,40,0
20,2004,38,50,0
10,2004,38,100,17.46,92.2,0,0,-6999,682.6,-6999,-6999,-.037,.2,.2,.2,349
20,2004,38,100,0
20,2004,38,110,0
20,2004,38,120,0
10,2004,38,130,17.46,91.9,0,0,-6999,682.3,-6999,-6999,-.037,.2,.2,.2,343.7
20,2004,38,130,0
20,2004,38,140,0
20,2004,38,150,0
10,2004,38,200,17.45,91.7,0,0,-6999,682,-6999,-6999,-.037,.2,.2,.2,350.4
20,2004,38,200,0
20,2004,38,210,0
20,2004,38,220,0
10,2004,38,230,17.16,93.4,0,0,-6999,681.7,-6999,-6999,-.037,.2,.2,.2,353.9
20,2004,38,230,0
20,2004,38,240,0
20,2004,38,250,0
10,2004,38,300,16.96,94.1,0,0,-6999,681.6,-6999,-6999,-.037,.2,.2,.2,358
20,2004,38,300,0
20,2004,38,310,0
20,2004,38,320,0
10,2004,38,330,16.99,93.3,0,0,-6999,681.4,-6999,-6999,-.037,.2,.2,.2,350.6
20,2004,38,330,0
20,2004,38,340,0
20,2004,38,350,0
10,2004,38,400,17.01,92.9,0,0,-6999,681.3,-6999,-6999,-.037,.2,.2,.2,351.8
20,2004,38,400,0
20,2004,38,410,0
20,2004,38,420,0
10,2004,38,430,16.99,93.1,0,0,-6999,681.5,-6999,-6999,-.037,.2,.2,.2,349.8
20,2004,38,430,0
20,2004,38,440,0
20,2004,38,450,0
10,2004,38,500,17.09,91.1,0,0,-6999,681.5,-6999,-6999,-.037,.2,.2,.2,351.6
20,2004,38,500,0
20,2004,38,510,0
20,2004,38,520,0
10,2004,38,530,17.14,90.6,0,0,-6999,681.4,-6999,-6999,-.037,.2,.2,.2,358.8
20,2004,38,530,0
20,2004,38,540,0
20,2004,38,550,0
10,2004,38,600,17.04,92.2,.036,0,-6999,681.5,-6999,-6999,-.037,.2,.2,.2,347.6
20,2004,38,600,0
20,2004,38,610,0
20,2004,38,620,0
10,2004,38,630,16.97,93.5,4.034,0,-6999,681.7,-6999,-6999,-.037,.2,.2,.2,347.1
20,2004,38,630,0
20,2004,38,640,0
20,2004,38,650,0
10,2004,38,700,17.01,94,25.69,0,-6999,682,-6999,-6999,-.037,.2,.2,.2,350.1
20,2004,38,700,0
20,2004,38,710,0
20,2004,38,720,0
10,2004,38,730,17.29,93.2,91.4,0,-6999,682.4,-6999,-6999,-.037,.2,.2,.2,347.5
20,2004,38,730,0
20,2004,38,740,0
20,2004,38,750,0
10,2004,38,800,18.16,88.2,173.5,0,-6999,682.5,-6999,-6999,-.037,.2,.2,.2,346
20,2004,38,800,0
20,2004,38,810,0
20,2004,38,820,0
10,2004,38,830,18.92,84.6,350.6,0,-6999,682.7,-6999,-6999,-.037,.2,.2,.2,349.9
20,2004,38,830,0
20,2004,38,840,0
20,2004,38,850,0
10,2004,38,900,19.42,81.2,357.8,0,-6999,682.8,-6999,-6999,-.037,.2,.2,.2,348.1
20,2004,38,900,0
20,2004,38,910,0
20,2004,38,920,0
10,2004,38,930,20.41,76.5,523.1,0,-6999,683,-6999,-6999,-.037,.2,.2,.2,341.9
20,2004,38,930,0
20,2004,38,940,0
20,2004,38,950,0
10,2004,38,1000,20.91,75.8,541.3,0,-6999,683.2,-6999,-6999,-.037,.2,.2,.2,356.7
20,2004,38,1000,0
20,2004,38,1010,0
20,2004,38,1020,0
10,2004,38,1030,21.06,76.1,497.7,0,-6999,683.2,-6999,-6999,-.037,.2,.2,.2,345.5
20,2004,38,1030,0
20,2004,38,1040,0
20,2004,38,1050,0
10,2004,38,1100,21.16,77.1,554.7,0,-6999,683.2,-6999,-6999,-.037,.2,.2,.2,348.5
20,2004,38,1100,0
20,2004,38,1110,0
20,2004,38,1120,0
10,2004,38,1130,22.32,72.4,759,0,-6999,683.3,-6999,-6999,-.037,.2,.2,.2,352.6
20,2004,38,1130,0
20,2004,38,1140,0
20,2004,38,1150,0
10,2004,38,1200,23.16,67.74,857,0,-6999,683.2,-6999,-6999,-.037,.2,.2,.2,344.8
20,2004,38,1200,0
20,2004,38,1210,0
20,2004,38,1220,0
10,2004,38,1230,23.88,67.82,1021,0,-6999,683.2,-6999,-6999,-.037,.2,.2,.2,347.3
20,2004,38,1230,0
20,2004,38,1240,0
20,2004,38,1250,0
10,2004,38,1300,23.97,67.62,807,0,-6999,683.1,-6999,-6999,-.037,.2,.2,.2,343.3
20,2004,38,1300,0
20,2004,38,1310,0
20,2004,38,1320,0
10,2004,38,1330,24.2,67.62,815,0,-6999,683,-6999,-6999,-.037,.2,.2,.2,348.9
20,2004,38,1330,0
20,2004,38,1340,0
20,2004,38,1350,0
10,2004,38,1400,24.01,70.2,889,0,-6999,682.8,-6999,-6999,-.037,.2,.2,.2,349.8
20,2004,38,1400,0
20,2004,38,1410,0
20,2004,38,1420,0
10,2004,38,1430,24.45,67.93,845,0,-6999,682.6,-6999,-6999,-.037,.2,.2,.2,355
20,2004,38,1430,0
20,2004,38,1440,0
20,2004,38,1450,0
10,2004,38,1500,23.52,69.57,469.7,0,-6999,682.5,-6999,-6999,-.037,.2,.2,.2,357.4
20,2004,38,1500,0
20,2004,38,1510,0
20,2004,38,1520,0
10,2004,38,1530,23.16,72.8,475.4,0,-6999,682.3,-6999,-6999,-.037,.2,.2,.2,356.6
20,2004,38,1530,0
20,2004,38,1540,0
20,2004,38,1550,0
10,2004,38,1600,23.13,72.2,421.2,0,-6999,682.3,-6999,-6999,-.037,.2,.2,.2,359.3
20,2004,38,1600,0
20,2004,38,1610,0
20,2004,38,1620,0
10,2004,38,1630,23.23,71.6,512.3,0,-6999,682.1,-6999,-6999,-.037,.2,.2,.2,358.2
20,2004,38,1630,0
20,2004,38,1640,0
20,2004,38,1650,0
10,2004,38,1700,23.13,71,422.3,0,-6999,682,-6999,-6999,-.037,.2,.2,.2,353
20,2004,38,1700,0
20,2004,38,1710,0
20,2004,38,1720,0
10,2004,38,1730,22.03,74,193.8,0,-6999,682.1,-6999,-6999,-.037,.2,.2,.2,.12
20,2004,38,1730,0
20,2004,38,1740,0
20,2004,38,1750,0
10,2004,38,1800,21.21,78.3,104.9,0,-6999,682.3,-6999,-6999,-.037,.2,.2,.2,356.2
20,2004,38,1800,0
20,2004,38,1810,0
20,2004,38,1820,0
10,2004,38,1830,20.7,77,63.29,0,-6999,682.5,-6999,-6999,-.037,.2,.2,.2,355.9
20,2004,38,1830,0
20,2004,38,1840,0
20,2004,38,1850,0
10,2004,38,1900,20.26,77.6,12.18,0,-6999,682.7,-6999,-6999,-.037,.2,.2,.2,355.7
20,2004,38,1900,0
20,2004,38,1910,0
20,2004,38,1920,0
10,2004,38,1930,20.08,74.6,1.013,0,-6999,682.9,-6999,-6999,-.037,.2,.2,.2,1.473
20,2004,38,1930,0
20,2004,38,1940,0
20,2004,38,1950,0
10,2004,38,2000,19.68,73.2,0,0,-6999,683.3,-6999,-6999,-.037,.2,.2,.2,.188
20,2004,38,2000,0
20,2004,38,2010,0
20,2004,38,2020,0
10,2004,38,2030,19.29,70.6,0,0,-6999,683.5,-6999,-6999,-.037,.2,.2,.2,359.7
20,2004,38,2030,0
20,2004,38,2040,0
20,2004,38,2050,0
10,2004,38,2100,18.82,70.7,0,27.8,-6999,683.7,-6999,-6999,-.037,.2,.2,.2,2.063
20,2004,38,2100,0
20,2004,38,2110,0
20,2004,38,2120,0
10,2004,38,2130,18.29,71.8,0,110.3,-6999,684.1,-6999,-6999,-.037,.2,.2,.2,351.7
20,2004,38,2130,0
20,2004,38,2140,0
20,2004,38,2150,0
10,2004,38,2200,17.93,71.9,0,96,-6999,684.4,-6999,-6999,-.037,.2,.2,.2,351.1
20,2004,38,2200,0
20,2004,38,2210,0
20,2004,38,2220,0
10,2004,38,2230,17.61,72.6,0,3.255,-6999,684.6,-6999,-6999,-.037,.2,.2,.2,354.3
20,2004,38,2230,0
20,2004,38,2240,0
20,2004,38,2250,0
10,2004,38,2300,17.11,75,0,0,-6999,684.5,-6999,-6999,-.037,.2,.2,.2,352.3
20,2004,38,2300,0
20,2004,38,2310,0
20,2004,38,2320,0
10,2004,38,2330,16.84,76.1,0,0,-6999,684.6,-6999,-6999,-.037,.2,.2,.2,353.4
20,2004,38,2330,0
20,2004,38,2340,0
20,2004,38,2350,0
10,2004,38,2400,16.53,77.2,0,0,-6999,684.6,-6999,-6999,-.037,.2,.2,.2,347
20,2004,38,2400,0
3,2004,38,2400,24.92,16.37,19.71,94.6,648,62.77,1256,79.8,-6999,0,-6999,0,-6999,0
20,2004,39,10,0
20,2004,39,20,0
10,2004,39,30,16.32,77.4,0,0,-6999,684.3,-6999,-6999,-.037,.2,.2,.2,353.4
20,2004,39,30,0
20,2004,39,40,0
20,2004,39,50,0
10,2004,39,100,16.03,79,0,0,-6999,684.2,-6999,-6999,-.037,.2,.2,.2,357.7
20,2004,39,100,0
20,2004,39,110,0
20,2004,39,120,0
10,2004,39,130,15.64,82,0,0,-6999,684.1,-6999,-6999,-.037,.2,.2,.2,351.4
20,2004,39,130,0
20,2004,39,140,0
20,2004,39,150,0
10,2004,39,200,15.36,84.2,0,0,-6999,683.9,-6999,-6999,-.037,.2,.2,.2,354.9
20,2004,39,200,0
20,2004,39,210,0
20,2004,39,220,0
10,2004,39,230,15.2,85,0,0,-6999,683.7,-6999,-6999,-.037,.2,.2,.2,350.2
20,2004,39,230,0
20,2004,39,240,0
20,2004,39,250,0
10,2004,39,300,14.96,86.9,0,0,-6999,683.7,-6999,-6999,-.037,.2,.2,.2,347.3
20,2004,39,300,0
20,2004,39,310,0
20,2004,39,320,0
10,2004,39,330,14.79,89.2,0,0,-6999,683.6,-6999,-6999,-.037,.2,.2,.2,353.6
20,2004,39,330,0
20,2004,39,340,0
20,2004,39,350,0
10,2004,39,400,15.14,87.8,0,0,-6999,683.6,-6999,-6999,-.037,.2,.2,.2,355
20,2004,39,400,0
20,2004,39,410,0
20,2004,39,420,0
10,2004,39,430,15.13,88.2,0,0,-6999,683.6,-6999,-6999,-.037,.2,.2,.2,355.4
20,2004,39,430,0
20,2004,39,440,0
20,2004,39,450,0
10,2004,39,500,15.03,88.8,0,0,-6999,683.7,-6999,-6999,-.037,.2,.2,.2,.573
20,2004,39,500,0
20,2004,39,510,0
20,2004,39,520,0
10,2004,39,530,15.13,87.5,0,0,-6999,683.7,-6999,-6999,-.037,.2,.2,.2,.975
20,2004,39,530,0
20,2004,39,540,0
20,2004,39,550,0
10,2004,39,600,15.03,88.1,.162,0,-6999,683.8,-6999,-6999,-.037,.2,.2,.2,.67
20,2004,39,600,0
20,2004,39,610,0
20,2004,39,620,0
10,2004,39,630,14.8,89.6,10.49,0,-6999,684,-6999,-6999,-.037,.2,.2,.2,357.2
20,2004,39,630,0
20,2004,39,640,0
20,2004,39,650,0
10,2004,39,700,14.73,91.8,116.3,0,-6999,684.3,-6999,-6999,-.037,.2,.2,.2,1.748
20,2004,39,700,0
20,2004,39,710,0
20,2004,39,720,0
10,2004,39,730,15.72,87.1,232.4,0,-6999,684.5,-6999,-6999,-.037,.2,.2,.2,356.2
20,2004,39,730,0
20,2004,39,740,0
20,2004,39,750,0
10,2004,39,800,16.87,80.6,353.5,0,-6999,684.7,-6999,-6999,-.037,.2,.2,.2,350.6
20,2004,39,800,0
20,2004,39,810,0
20,2004,39,820,0
10,2004,39,830,17.78,76.6,472.1,0,-6999,684.9,-6999,-6999,-.037,.2,.2,.2,353.7
20,2004,39,830,0
20,2004,39,840,0
20,2004,39,850,0
10,2004,39,900,18.87,73.5,584.7,0,-6999,685,-6999,-6999,-.037,.2,.2,.2,353.7
20,2004,39,900,0
20,2004,39,910,0
20,2004,39,920,0
10,2004,39,930,20.03,70.6,689.1,0,-6999,685.2,-6999,-6999,-.037,.2,.2,.2,349.3
20,2004,39,930,0
20,2004,39,940,0
20,2004,39,950,0
10,2004,39,1000,20.56,69.11,783,0,-6999,685.3,-6999,-6999,-.037,.2,.2,.2,350.2
20,2004,39,1000,0
20,2004,39,1010,0
20,2004,39,1020,0
10,2004,39,1030,21.49,66.72,864,0,-6999,685.4,-6999,-6999,-.037,.2,.2,.2,353
20,2004,39,1030,0
20,2004,39,1040,0
20,2004,39,1050,0
10,2004,39,1100,22.16,65.12,930,0,-6999,685.5,-6999,-6999,-.037,.2,.2,.2,346.4
20,2004,39,1100,0
20,2004,39,1110,0
20,2004,39,1120,0
10,2004,39,1130,22.75,64.21,955,0,-6999,685.5,-6999,-6999,-.037,.2,.2,.2,344.2
20,2004,39,1130,0
20,2004,39,1140,0
20,2004,39,1150,0
10,2004,39,1200,23.27,63.11,893,0,-6999,685.5,-6999,-6999,-.037,.2,.2,.2,334.9
20,2004,39,1200,0
20,2004,39,1210,0
20,2004,39,1220,0
10,2004,39,1230,23.61,62.3,862,0,-6999,685.4,-6999,-6999,-.037,.2,.2,.2,332.6
20,2004,39,1230,0
20,2004,39,1240,0
20,2004,39,1250,0
10,2004,39,1300,23.9,62.14,859,0,-6999,685.3,-6999,-6999,-.037,.2,.2,.2,333.4
20,2004,39,1300,0
20,2004,39,1310,0
20,2004,39,1320,0
10,2004,39,1330,24.29,61.39,788,0,-6999,685.2,-6999,-6999,-.037,.2,.2,.2,332.2
20,2004,39,1330,0
20,2004,39,1340,0
20,2004,39,1350,0
10,2004,39,1400,24.08,62.44,594.3,0,-6999,685,-6999,-6999,-.037,.2,.2,.2,343.6
20,2004,39,1400,0
20,2004,39,1410,0
20,2004,39,1420,0
10,2004,39,1430,24.04,63.01,588.5,77.3,-6999,684.8,-6999,-6999,-.037,.2,.2,.2,343.4
20,2004,39,1430,0
20,2004,39,1440,0
20,2004,39,1450,0
10,2004,39,1500,23.9,63.57,458.1,551.6,-6999,684.6,-6999,-6999,-.037,.2,.2,.2,348.2
20,2004,39,1500,0
20,2004,39,1510,0
20,2004,39,1520,0
10,2004,39,1530,24.06,62.69,514.4,747,-6999,684.5,-6999,-6999,-.037,.2,.2,.2,350.3
20,2004,39,1530,0
20,2004,39,1540,0
20,2004,39,1550,0
10,2004,39,1600,24.15,61.21,444.2,1287,-6999,684.3,-6999,-6999,-.037,.2,.2,.2,353.7
20,2004,39,1600,0
20,2004,39,1610,0
20,2004,39,1620,0
10,2004,39,1630,24.08,61.36,387.5,1710,-6999,684,-6999,-6999,-.037,.2,.2,.2,359.4
20,2004,39,1630,0
20,2004,39,1640,0
20,2004,39,1650,0
10,2004,39,1700,24.64,59.56,521,1745,-6999,683.8,-6999,-6999,-.037,.2,.2,.2,356.2
20,2004,39,1700,0
20,2004,39,1710,0
20,2004,39,1720,0
10,2004,39,1730,24.19,58.49,290.7,2390,-6999,683.8,-6999,-6999,-.037,.2,.2,.2,356.3
20,2004,39,1730,0
20,2004,39,1740,0
20,2004,39,1750,0
10,2004,39,1800,24.14,56.78,245.2,0,-6999,683.8,-6999,-6999,-.037,.2,.2,.2,2.79
20,2004,39,1800,0
20,2004,39,1810,0
20,2004,39,1820,0
10,2004,39,1830,23.55,56.4,132.5,0,-6999,683.9,-6999,-6999,-.037,.2,.2,.2,357.3
20,2004,39,1830,0
20,2004,39,1840,0
20,2004,39,1850,0
10,2004,39,1900,22.42,60.63,27.3,0,-6999,684.1,-6999,-6999,-.037,.2,.2,.2,2.683
20,2004,39,1900,0
20,2004,39,1910,0
20,2004,39,1920,0
10,2004,39,1930,21.46,65.68,1.835,0,-6999,684.2,-6999,-6999,-.037,.2,.2,.2,3.929
20,2004,39,1930,0
20,2004,39,1940,0
20,2004,39,1950,0
10,2004,39,2000,20.81,67.17,0,2062,-6999,684.5,-6999,-6999,-.037,.2,.2,.2,2.712
20,2004,39,2000,0
20,2004,39,2010,0
20,2004,39,2020,0
10,2004,39,2030,20.15,69.1,0,2462,-6999,684.9,-6999,-6999,-.037,.2,.2,.2,358
20,2004,39,2030,0
20,2004,39,2040,0
20,2004,39,2050,0
10,2004,39,2100,19.74,70.4,0,1780,-6999,684.9,-6999,-6999,-.037,.2,.2,.2,353.9
20,2004,39,2100,0
20,2004,39,2110,0
20,2004,39,2120,0
10,2004,39,2130,19.21,73.4,0,765,-6999,685.1,-6999,-6999,-.037,.2,.2,.2,357.8
20,2004,39,2130,0
20,2004,39,2140,0
20,2004,39,2150,0
10,2004,39,2200,18.67,76.3,0,1.827,-6999,685.4,-6999,-6999,-.037,.2,.2,.2,355.4
20,2004,39,2200,0
20,2004,39,2210,0
20,2004,39,2220,0
10,2004,39,2230,18.23,78.2,0,0,-6999,685.8,-6999,-6999,-.037,.2,.2,.2,347.5
20,2004,39,2230,0
20,2004,39,2240,0
20,2004,39,2250,0
10,2004,39,2300,17.99,78.6,0,0,-6999,685.9,-6999,-6999,-.037,.2,.2,.2,349
20,2004,39,2300,0
20,2004,39,2310,0
20,2004,39,2320,0
10,2004,39,2330,17.82,78.9,0,0,-6999,685.9,-6999,-6999,-.037,.2,.2,.2,347.5
20,2004,39,2330,0
20,2004,39,2340,0
20,2004,39,2350,0
10,2004,39,2400,17.69,79.5,0,0,-6999,685.7,-6999,-6999,-.037,.2,.2,.2,343.8
20,2004,39,2400,0
3,2004,39,2400,25,14.42,19.58,92.9,633,54.75,1817,73.2,-6999,0,-6999,0,-6999,0
20,2004,40,10,0
20,2004,40,20,0
10,2004,40,30,17.27,81.5,0,0,-6999,685.6,-6999,-6999,-.037,.2,.2,.2,344.9
20,2004,40,30,0
20,2004,40,40,0
20,2004,40,50,0
10,2004,40,100,16.73,84.2,0,0,-6999,685.5,-6999,-6999,-.037,.2,.2,.2,351.2
20,2004,40,100,0
20,2004,40,110,0
20,2004,40,120,0
10,2004,40,130,16.27,86.7,0,0,-6999,685.3,-6999,-6999,-.037,.2,.2,.2,355.3
20,2004,40,130,0
20,2004,40,140,0
20,2004,40,150,0
10,2004,40,200,15.97,88.6,0,0,-6999,685.2,-6999,-6999,-.037,.2,.2,.2,358.2
20,2004,40,200,0
20,2004,40,210,0
20,2004,40,220,0
10,2004,40,230,15.64,90.1,0,0,-6999,685,-6999,-6999,-.037,.2,.2,.2,359.5
20,2004,40,230,0
20,2004,40,240,0
20,2004,40,250,0
10,2004,40,300,15.44,91.2,0,0,-6999,684.9,-6999,-6999,-.037,.2,.2,.2,355.9
20,2004,40,300,0
20,2004,40,310,0
20,2004,40,320,0
10,2004,40,330,15.1,93.3,0,0,-6999,684.9,-6999,-6999,-.037,.2,.2,.2,358.6
20,2004,40,330,0
20,2004,40,340,0
20,2004,40,350,0
10,2004,40,400,14.92,93.8,0,0,-6999,684.9,-6999,-6999,-.037,.2,.2,.2,353.9
20,2004,40,400,0
20,2004,40,410,0
20,2004,40,420,0
10,2004,40,430,14.82,93.5,0,0,-6999,685,-6999,-6999,-.037,.2,.2,.2,349.6
20,2004,40,430,0
20,2004,40,440,0
20,2004,40,450,0
10,2004,40,500,14.76,93.2,0,0,-6999,685.1,-6999,-6999,-.037,.2,.2,.2,353.1
20,2004,40,500,0
20,2004,40,510,0
20,2004,40,520,0
10,2004,40,530,14.49,94.4,0,0,-6999,685.2,-6999,-6999,-.037,.2,.2,.2,355
20,2004,40,530,0
20,2004,40,540,0
20,2004,40,550,0
10,2004,40,600,14.49,94.8,.257,0,-6999,685.3,-6999,-6999,-.037,.2,.2,.2,.729
20,2004,40,600,0
20,2004,40,610,0
20,2004,40,620,0
10,2004,40,630,14.42,95.8,8.96,0,-6999,685.4,-6999,-6999,-.037,.2,.2,.2,2.77
20,2004,40,630,0
20,2004,40,640,0
20,2004,40,650,0
10,2004,40,700,15,94.2,114.7,0,-6999,685.7,-6999,-6999,-.037,.2,.2,.2,1.735
20,2004,40,700,0
20,2004,40,710,0
20,2004,40,720,0
10,2004,40,730,16.21,89.2,232.6,0,-6999,686,-6999,-6999,-.037,.2,.2,.2,351.1
20,2004,40,730,0
20,2004,40,740,0
20,2004,40,750,0
10,2004,40,800,17.32,83.5,356.1,0,-6999,686,-6999,-6999,-.037,.2,.2,.2,340.9
20,2004,40,800,0
20,2004,40,810,0
20,2004,40,820,0
10,2004,40,830,18.32,78.8,475,0,-6999,686.2,-6999,-6999,-.037,.2,.2,.2,337.6
20,2004,40,830,0
20,2004,40,840,0
20,2004,40,850,0
10,2004,40,900,19.38,74.3,590.2,0,-6999,686.4,-6999,-6999,-.037,.2,.2,.2,331
20,2004,40,900,0
20,2004,40,910,0
20,2004,40,920,0
10,2004,40,930,20.31,70.9,693.6,0,-6999,686.5,-6999,-6999,-.037,.2,.2,.2,331
20,2004,40,930,0
20,2004,40,940,0
20,2004,40,950,0
10,2004,40,1000,20.83,70.3,787,0,-6999,686.7,-6999,-6999,-.037,.2,.2,.2,327.3
20,2004,40,1000,0
20,2004,40,1010,0
20,2004,40,1020,0
10,2004,40,1030,21.41,69.68,857,0,-6999,686.7,-6999,-6999,-.037,.2,.2,.2,329.2
20,2004,40,1030,0
20,2004,40,1040,0
20,2004,40,1050,0
10,2004,40,1100,22.34,65.75,915,0,-6999,686.6,-6999,-6999,-.037,.2,.2,.2,317.2
20,2004,40,1100,0
20,2004,40,1110,0
20,2004,40,1120,0
10,2004,40,1130,23.29,58.87,988,0,-6999,686.4,-6999,-6999,-.037,.2,.2,.2,324.8
20,2004,40,1130,0
20,2004,40,1140,0
20,2004,40,1150,0
10,2004,40,1200,23.83,58.03,1022,0,-6999,686.2,-6999,-6999,-.037,.2,.2,.2,313.3
20,2004,40,1200,0
20,2004,40,1210,0
20,2004,40,1220,0
10,2004,40,1230,24.38,58.09,1075,0,-6999,686,-6999,-6999,-.037,.2,.2,.2,327.3
20,2004,40,1230,0
20,2004,40,1240,0
20,2004,40,1250,0
10,2004,40,1300,24.37,59.06,762,0,-6999,685.9,-6999,-6999,-.037,.2,.2,.2,316.6
20,2004,40,1300,0
20,2004,40,1310,0
20,2004,40,1320,0
10,2004,40,1330,24.13,60.17,559,0,-6999,685.7,-6999,-6999,-.037,.2,.2,.2,333.5
20,2004,40,1330,0
20,2004,40,1340,0
20,2004,40,1350,0
10,2004,40,1400,24.7,58.86,728,0,-6999,685.4,-6999,-6999,-.037,.2,.2,.2,343.5
20,2004,40,1400,0
20,2004,40,1410,0
20,2004,40,1420,0
10,2004,40,1430,24.54,59.37,620.9,211.9,-6999,685.1,-6999,-6999,-.037,.2,.2,.2,345.3
20,2004,40,1430,0
20,2004,40,1440,0
20,2004,40,1450,0
10,2004,40,1500,25.17,57.6,706,495.6,-6999,684.8,-6999,-6999,-.037,.2,.2,.2,345.7
20,2004,40,1500,0
20,2004,40,1510,0
20,2004,40,1520,0
10,2004,40,1530,25.36,56.33,583,1367,-6999,684.5,-6999,-6999,-.037,.2,.2,.2,351.2
20,2004,40,1530,0
20,2004,40,1540,0
20,2004,40,1550,0
10,2004,40,1600,25.67,55.62,686.6,1860,-6999,684.3,-6999,-6999,-.037,.2,.2,.2,342.3
20,2004,40,1600,0
20,2004,40,1610,0
20,2004,40,1620,0
10,2004,40,1630,25.5,56.07,527.6,1737,-6999,684.1,-6999,-6999,-.037,.2,.2,.2,347.9
20,2004,40,1630,0
20,2004,40,1640,0
20,2004,40,1650,0
10,2004,40,1700,25.14,57.56,313.2,1837,-6999,683.9,-6999,-6999,-.037,.2,.2,.2,355.6
20,2004,40,1700,0
20,2004,40,1710,0
20,2004,40,1720,0
10,2004,40,1730,24.85,58.26,354.3,2228,-6999,683.8,-6999,-6999,-.037,.2,.2,.2,353.7
20,2004,40,1730,0
20,2004,40,1740,0
20,2004,40,1750,0
10,2004,40,1800,24.37,58.48,238.4,742,-6999,683.7,-6999,-6999,-.037,.2,.2,.2,358.8
20,2004,40,1800,0
20,2004,40,1810,0
20,2004,40,1820,0
10,2004,40,1830,23.97,59.35,143.9,0,-6999,683.6,-6999,-6999,-.037,.2,.2,.2,353.6
20,2004,40,1830,0
20,2004,40,1840,0
20,2004,40,1850,0
10,2004,40,1900,22.97,61.28,20.79,0,-6999,683.7,-6999,-6999,-.037,.2,.2,.2,356.3
20,2004,40,1900,0
20,2004,40,1910,0
20,2004,40,1920,0
10,2004,40,1930,21.96,65.06,1.391,591.1,-6999,683.8,-6999,-6999,-.037,.2,.2,.2,353.7
20,2004,40,1930,0
20,2004,40,1940,0
20,2004,40,1950,0
10,2004,40,2000,21.27,66.71,0,2755,-6999,683.9,-6999,-6999,-.037,.2,.2,.2,351.3
20,2004,40,2000,0
20,2004,40,2010,0
20,2004,40,2020,0
10,2004,40,2030,20.76,68.47,0,2171,-6999,684.1,-6999,-6999,-.037,.2,.2,.2,356.4
20,2004,40,2030,0
20,2004,40,2040,0
20,2004,40,2050,0
10,2004,40,2100,20.23,72.5,0,800,-6999,684.2,-6999,-6999,-.037,.2,.2,.2,359.5
20,2004,40,2100,0
20,2004,40,2110,0
20,2004,40,2120,0
10,2004,40,2130,19.73,75.8,0,0,-6999,684.4,-6999,-6999,-.037,.2,.2,.2,355
20,2004,40,2130,0
20,2004,40,2140,0
20,2004,40,2150,0
10,2004,40,2200,19.49,75,0,0,-6999,684.7,-6999,-6999,-.037,.2,.2,.2,355.1
20,2004,40,2200,0
20,2004,40,2210,0
20,2004,40,2220,0
10,2004,40,2230,18.95,77.1,0,0,-6999,684.9,-6999,-6999,-.037,.2,.2,.2,347.4
20,2004,40,2230,0
20,2004,40,2240,0
20,2004,40,2250,0
10,2004,40,2300,18.41,79.2,0,0,-6999,684.9,-6999,-6999,-.037,.2,.2,.2,354.2
20,2004,40,2300,0
20,2004,40,2310,0
20,2004,40,2320,0
10,2004,40,2330,17.99,80.7,0,0,-6999,685.1,-6999,-6999,-.037,.2,.2,.2,350
20,2004,40,2330,0
20,2004,40,2340,0
20,2004,40,2350,0
10,2004,40,2400,18.04,79.6,0,0,-6999,685.1,-6999,-6999,-.037,.2,.2,.2,347.3
20,2004,40,2400,0
3,2004,40,2400,26.34,14.36,20.01,96.1,621,50.24,1541,74,-6999,0,-6999,0,-6999,0
20,2004,41,10,0
20,2004,41,20,0
10,2004,41,30,17.84,79.5,0,0,-6999,685,-6999,-6999,-.037,.2,.2,.2,347
20,2004,41,30,0
20,2004,41,40,0
20,2004,41,50,0
10,2004,41,100,17.35,81,0,0,-6999,685,-6999,-6999,-.037,.2,.2,.2,353
20,2004,41,100,0
20,2004,41,110,0
20,2004,41,120,0
10,2004,41,130,17.15,81.9,0,0,-6999,684.8,-6999,-6999,-.037,.2,.2,.2,348.8
20,2004,41,130,0
20,2004,41,140,0
20,2004,41,150,0
10,2004,41,200,17.02,82.1,0,0,-6999,684.7,-6999,-6999,-.037,.2,.2,.2,350.1
20,2004,41,200,0
20,2004,41,210,0
20,2004,41,220,0
10,2004,41,230,16.7,82.9,0,0,-6999,684.3,-6999,-6999,-.037,.2,.2,.2,350.1
20,2004,41,230,0
20,2004,41,240,0
20,2004,41,250,0
10,2004,41,300,16.27,85.1,0,0,-6999,684.2,-6999,-6999,-.037,.2,.2,.2,352.1
20,2004,41,300,0
20,2004,41,310,0
20,2004,41,320,0
10,2004,41,330,16.01,86.3,0,0,-6999,684,-6999,-6999,-.037,.2,.2,.2,346.4
20,2004,41,330,0
20,2004,41,340,0
20,2004,41,350,0
10,2004,41,400,15.72,88.6,0,0,-6999,683.9,-6999,-6999,-.037,.2,.2,.2,347.6
20,2004,41,400,0
20,2004,41,410,0
20,2004,41,420,0
10,2004,41,430,15.75,89.2,0,0,-6999,683.9,-6999,-6999,-.037,.2,.2,.2,348.9
20,2004,41,430,0
20,2004,41,440,0
20,2004,41,450,0
10,2004,41,500,15.65,89.6,0,0,-6999,684,-6999,-6999,-.037,.2,.2,.2,2.413
20,2004,41,500,0
20,2004,41,510,0
20,2004,41,520,0
10,2004,41,530,15.52,90,0,0,-6999,684.2,-6999,-6999,-.037,.2,.2,.2,353
20,2004,41,530,0
20,2004,41,540,0
20,2004,41,550,0
10,2004,41,600,15.11,93.3,.131,0,-6999,684.4,-6999,-6999,-.037,.2,.2,.2,3.441
20,2004,41,600,0
20,2004,41,610,0
20,2004,41,620,0
10,2004,41,630,14.88,94.5,8.17,0,-6999,684.7,-6999,-6999,-.037,.2,.2,.2,354.7
20,2004,41,630,0
20,2004,41,640,0
20,2004,41,650,0
10,2004,41,700,15.39,92.8,87.8,0,-6999,684.9,-6999,-6999,-.037,.2,.2,.2,342.4
20,2004,41,700,0
20,2004,41,710,0
20,2004,41,720,0
10,2004,41,730,16.2,88.9,141.8,0,-6999,685,-6999,-6999,-.037,.2,.2,.2,340.2
20,2004,41,730,0
20,2004,41,740,0
20,2004,41,750,0
10,2004,41,800,18.09,79.4,383.8,0,-6999,685.2,-6999,-6999,-.037,.2,.2,.2,336
20,2004,41,800,0
20,2004,41,810,0
20,2004,41,820,0
10,2004,41,830,19.4,73.3,441.8,0,-6999,685.3,-6999,-6999,-.037,.2,.2,.2,337.4
20,2004,41,830,0
20,2004,41,840,0
20,2004,41,850,0
10,2004,41,900,20.79,67.53,580.6,0,-6999,685.4,-6999,-6999,-.037,.2,.2,.2,325.4
20,2004,41,900,0
20,2004,41,910,0
20,2004,41,920,0
10,2004,41,930,21.81,62.17,683.2,0,-6999,685.5,-6999,-6999,-.037,.2,.2,.2,296.2
20,2004,41,930,0
20,2004,41,940,0
20,2004,41,950,0
10,2004,41,1000,22.08,62.65,776,0,-6999,685.6,-6999,-6999,-.037,.2,.2,.2,283.7
20,2004,41,1000,0
20,2004,41,1010,0
20,2004,41,1020,0
10,2004,41,1030,22.4,62.6,856,0,-6999,685.6,-6999,-6999,-.037,.2,.2,.2,309.8
20,2004,41,1030,0
20,2004,41,1040,0
20,2004,41,1050,0
10,2004,41,1100,23.33,60.41,926,0,-6999,685.6,-6999,-6999,-.037,.2,.2,.2,249.7
20,2004,41,1100,0
20,2004,41,1110,0
20,2004,41,1120,0
10,2004,41,1130,24.08,59.16,979,0,-6999,685.5,-6999,-6999,-.037,.2,.2,.2,242.7
20,2004,41,1130,0
20,2004,41,1140,0
20,2004,41,1150,0
10,2004,41,1200,24.32,59.09,1026,0,-6999,685.4,-6999,-6999,-.037,.2,.2,.2,250.4
20,2004,41,1200,0
20,2004,41,1210,0
20,2004,41,1220,0
10,2004,41,1230,24.69,59.2,857,0,-6999,685.2,-6999,-6999,-.037,.2,.2,.2,284.5
20,2004,41,1230,0
20,2004,41,1240,0
20,2004,41,1250,0
10,2004,41,1300,25.18,58.78,858,0,-6999,685.1,-6999,-6999,-.037,.2,.2,.2,236.1
20,2004,41,1300,0
20,2004,41,1310,0
20,2004,41,1320,0
10,2004,41,1330,25.47,58.82,1046,0,-6999,684.8,-6999,-6999,-.037,.2,.2,.2,269.1
20,2004,41,1330,0
