1,2004,352,1130,24.12,81.3,470.4,0,-6999,684.3,-6999,-6999,-.037,0,0,0,0
2,2004,352,1130,0
2,2004,352,1140,0
2,2004,352,1150,0
1,2004,352,1200,25.16,76.7,783,0,-6999,684.2,-6999,-6999,-.037,0,0,0,0
2,2004,352,1200,0
2,2004,352,1210,0
2,2004,352,1220,0
1,2004,352,1230,25.92,68.35,959,0,-6999,684.1,-6999,-6999,-.037,0,0,0,0
2,2004,352,1230,0
2,2004,352,1240,0
2,2004,352,1250,0
1,2004,352,1300,26.77,66.3,944,0,-6999,683.7,-6999,-6999,-.037,0,0,0,0
2,2004,352,1300,0
2,2004,352,1310,0
2,2004,352,1320,0
1,2004,352,1330,27.29,63.12,947,0,-6999,683.5,-6999,-6999,-.037,0,0,0,0
2,2004,352,1330,0
2,2004,352,1340,0
2,2004,352,1350,0
1,2004,352,1400,27.62,61.83,723,0,-6999,683.2,-6999,-6999,-.037,0,0,0,0
2,2004,352,1400,0
2,2004,352,1410,0
2,2004,352,1420,0
1,2004,352,1430,27.87,60.35,762,0,-6999,682.7,-6999,-6999,-.037,0,0,0,0
2,2004,352,1430,0
2,2004,352,1440,0
2,2004,352,1450,0
1,2004,352,1500,28.36,58.56,743,0,-6999,682.2,-6999,-6999,-.037,0,0,0,0
2,2004,352,1500,0
2,2004,352,1510,0
2,2004,352,1520,0
1,2004,352,1530,28.78,56.63,731,0,-6999,681.8,-6999,-6999,-.037,0,0,0,0
2,2004,352,1530,0
2,2004,352,1540,0
2,2004,352,1550,0
1,2004,352,1600,28.61,53.91,514.7,583.3,-6999,681.4,-6999,-6999,-.037,0,0,0,0
2,2004,352,1600,0
2,2004,352,1610,0
2,2004,352,1620,0
1,2004,352,1630,28.51,53.98,374.3,1785,-6999,681.5,-6999,-6999,-.037,0,0,0,0
2,2004,352,1630,0
2,2004,352,1640,0
2,2004,352,1650,0
1,2004,352,1700,28.12,55.65,174.2,2605,-6999,681.6,-6999,-6999,-.037,0,0,0,0
2,2004,352,1700,0
2,2004,352,1710,0
2,2004,352,1720,0
1,2004,352,1730,27.79,58.75,123.9,1825,-6999,681.7,-6999,-6999,-.037,0,0,0,0
2,2004,352,1730,0
2,2004,352,1740,0
2,2004,352,1750,0
1,2004,352,1800,27.31,62.54,75.4,1189,-6999,682,-6999,-6999,-.037,0,0,0,0
2,2004,352,1800,0
2,2004,352,1810,0
2,2004,352,1820,0
1,2004,352,1830,26.57,66.3,24.91,982,-6999,682.1,-6999,-6999,-.037,0,0,0,0
2,2004,352,1830,0
2,2004,352,1840,0
2,2004,352,1850,0
1,2004,352,1900,24.84,72.5,3.574,960,-6999,682.5,-6999,-6999,-.037,0,0,0,0
2,2004,352,1900,0
2,2004,352,1910,0
2,2004,352,1920,0
1,2004,352,1930,24.4,73.3,.008,885,-6999,682.6,-6999,-6999,-.037,0,0,0,0
2,2004,352,1930,0
2,2004,352,1940,0
2,2004,352,1950,0
1,2004,352,2000,24.48,73.3,.001,291.8,-6999,682.9,-6999,-6999,-.037,0,0,0,0
2,2004,352,2000,0
2,2004,352,2010,0
2,2004,352,2020,0
1,2004,352,2030,22.84,82.4,0,0,-6999,683.4,-6999,-6999,-.037,0,0,0,0
2,2004,352,2030,0
2,2004,352,2040,0
2,2004,352,2050,0
1,2004,352,2100,21.63,87.4,0,0,-6999,683.7,-6999,-6999,-.037,0,0,0,0
2,2004,352,2100,0
2,2004,352,2110,0
2,2004,352,2120,0
1,2004,352,2130,20.86,92.6,0,0,-6999,683.8,-6999,-6999,-.037,0,0,0,0
2,2004,352,2130,0
2,2004,352,2140,0
2,2004,352,2150,0
1,2004,352,2200,20.42,95.1,0,0,-6999,683.9,-6999,-6999,-.037,0,0,0,0
2,2004,352,2200,0
2,2004,352,2210,0
2,2004,352,2220,0
1,2004,352,2230,20.74,92,0,0,-6999,683.9,-6999,-6999,-.037,0,0,0,0
2,2004,352,2230,0
2,2004,352,2240,0
2,2004,352,2250,0
1,2004,352,2300,20.62,88.6,0,0,-6999,683.9,-6999,-6999,-.037,0,0,0,0
2,2004,352,2300,0
2,2004,352,2310,0
2,2004,352,2320,0
1,2004,352,2330,20.4,87.1,0,0,-6999,683.9,-6999,-6999,-.037,0,0,0,0
2,2004,352,2330,0
2,2004,352,2340,0
2,2004,352,2350,0
1,2004,352,2400,20.3,86.9,0,0,-6999,683.9,-6999,-6999,-.037,0,0,0,0
2,2004,352,2400,0
3,2004,352,2400,29.49,18.47,23.03,101.3,901,47.79,1544,78.7,-6999,0,-6999,0,-6999,24.9
2,2004,353,10,0
2,2004,353,20,0
1,2004,353,30,20.26,87.7,0,0,-6999,683.6,-6999,-6999,-.037,0,0,0,0
2,2004,353,30,0
2,2004,353,40,0
2,2004,353,50,0
1,2004,353,100,20.19,88.4,.005,0,-6999,683.4,-6999,-6999,-.037,0,0,0,0
2,2004,353,100,0
2,2004,353,110,0
2,2004,353,120,0
1,2004,353,130,18.97,96.2,.009,0,-6999,683.4,-6999,-6999,-.037,0,0,0,0
2,2004,353,130,.2
2,2004,353,140,.1
2,2004,353,150,0
1,2004,353,200,18.36,99.4,.068,0,-6999,683.2,-6999,-6999,-.037,0,0,0,0
2,2004,353,200,.3
2,2004,353,210,0
2,2004,353,220,.2
1,2004,353,230,18.24,100,.002,0,-6999,683.1,-6999,-6999,-.037,0,0,0,0
2,2004,353,230,0
2,2004,353,240,0
2,2004,353,250,0
1,2004,353,300,18.4,99.4,.113,0,-6999,683,-6999,-6999,-.037,0,0,0,0
2,2004,353,300,0
2,2004,353,310,0
2,2004,353,320,0
1,2004,353,330,18.62,98.8,.178,0,-6999,683,-6999,-6999,-.037,0,0,0,0
2,2004,353,330,0
2,2004,353,340,0
2,2004,353,350,0
1,2004,353,400,18.91,97.5,.127,0,-6999,682.9,-6999,-6999,-.037,0,0,0,0
2,2004,353,400,0
2,2004,353,410,0
2,2004,353,420,0
1,2004,353,430,19.02,96.9,.043,0,-6999,682.9,-6999,-6999,-.037,0,0,0,0
2,2004,353,430,0
2,2004,353,440,0
2,2004,353,450,0
1,2004,353,500,19.22,95.8,.028,0,-6999,683.1,-6999,-6999,-.037,0,0,0,0
2,2004,353,500,0
2,2004,353,510,0
2,2004,353,520,0
1,2004,353,530,19.46,94.8,.668,0,-6999,683.4,-6999,-6999,-.037,0,0,0,0
2,2004,353,530,0
2,2004,353,540,0
2,2004,353,550,0
1,2004,353,600,19.66,93.9,11.56,0,-6999,683.8,-6999,-6999,-.037,0,0,0,0
2,2004,353,600,0
2,2004,353,610,0
2,2004,353,620,0
1,2004,353,630,19.27,97.1,43,0,-6999,684,-6999,-6999,-.037,0,0,0,0
2,2004,353,630,0
2,2004,353,640,0
2,2004,353,650,0
1,2004,353,700,19.61,96.7,82.6,0,-6999,684,-6999,-6999,-.037,0,0,0,0
2,2004,353,700,0
2,2004,353,710,0
2,2004,353,720,0
1,2004,353,730,20.85,91.3,130.6,0,-6999,684.2,-6999,-6999,-.037,0,0,0,0
2,2004,353,730,0
2,2004,353,740,0
2,2004,353,750,0
1,2004,353,800,21.52,88.9,165.1,0,-6999,684.1,-6999,-6999,-.037,0,0,0,0
2,2004,353,800,0
2,2004,353,810,0
2,2004,353,820,0
1,2004,353,830,22.17,85.4,251.3,0,-6999,684.2,-6999,-6999,-.037,0,0,0,0
2,2004,353,830,0
2,2004,353,840,0
2,2004,353,850,0
1,2004,353,900,22.58,84,259.4,0,-6999,684.4,-6999,-6999,-.037,0,0,0,0
2,2004,353,900,0
2,2004,353,910,0
2,2004,353,920,0
1,2004,353,930,23.33,82.1,568.8,0,-6999,684.5,-6999,-6999,-.037,0,0,0,0
2,2004,353,930,0
2,2004,353,940,0
2,2004,353,950,0
1,2004,353,1000,24.3,78.6,547.4,0,-6999,684.6,-6999,-6999,-.037,0,0,0,0
2,2004,353,1000,0
2,2004,353,1010,0
2,2004,353,1020,0
1,2004,353,1030,24.51,78,515.6,0,-6999,684.6,-6999,-6999,-.037,0,0,0,0
2,2004,353,1030,0
2,2004,353,1040,0
2,2004,353,1050,0
1,2004,353,1100,24.94,76.4,477.2,0,-6999,684.5,-6999,-6999,-.037,0,0,0,0
2,2004,353,1100,0
2,2004,353,1110,0
2,2004,353,1120,0
1,2004,353,1130,25.33,72.5,522.4,0,-6999,684.4,-6999,-6999,-.037,0,0,0,0
2,2004,353,1130,0
2,2004,353,1140,0
2,2004,353,1150,0
1,2004,353,1200,25.88,70.2,766,0,-6999,684.3,-6999,-6999,-.037,0,0,0,0
2,2004,353,1200,0
2,2004,353,1210,0
2,2004,353,1220,0
1,2004,353,1230,26.09,70.2,576.7,0,-6999,684.2,-6999,-6999,-.037,0,0,0,0
2,2004,353,1230,0
2,2004,353,1240,0
2,2004,353,1250,0
1,2004,353,1300,26.49,68.77,674.1,0,-6999,684.1,-6999,-6999,-.037,0,0,0,0
2,2004,353,1300,0
2,2004,353,1310,0
2,2004,353,1320,0
1,2004,353,1330,26.68,67.92,659.6,0,-6999,683.8,-6999,-6999,-.037,0,0,0,0
2,2004,353,1330,0
2,2004,353,1340,0
2,2004,353,1350,0
1,2004,353,1400,27.33,65.83,628.7,0,-6999,683.5,-6999,-6999,-.037,0,0,0,0
2,2004,353,1400,0
2,2004,353,1410,0
2,2004,353,1420,0
1,2004,353,1430,27.66,63.32,566.9,0,-6999,683.2,-6999,-6999,-.037,0,0,0,0
2,2004,353,1430,0
2,2004,353,1440,0
2,2004,353,1450,0
1,2004,353,1500,28.12,61.5,349.6,0,-6999,682.8,-6999,-6999,-.037,0,0,0,0
2,2004,353,1500,0
2,2004,353,1510,0
2,2004,353,1520,0
1,2004,353,1530,28.52,57.81,460,0,-6999,682.4,-6999,-6999,-.037,0,0,0,0
2,2004,353,1530,0
2,2004,353,1540,0
2,2004,353,1550,0
1,2004,353,1600,28.68,53.89,310.8,0,-6999,682.2,-6999,-6999,-.037,0,0,0,0
2,2004,353,1600,0
2,2004,353,1610,0
2,2004,353,1620,0
1,2004,353,1630,26.74,70.9,120.3,0,-6999,681.8,-6999,-6999,-.037,0,0,0,0
2,2004,353,1630,0
2,2004,353,1640,0
2,2004,353,1650,.6
1,2004,353,1700,25.46,77.9,80.3,0,-6999,681.7,-6999,-6999,-.037,0,0,0,0
2,2004,353,1700,1.2
2,2004,353,1710,2.2
2,2004,353,1720,.8
1,2004,353,1730,22.58,90.5,75.5,0,-6999,682,-6999,-6999,-.037,0,0,0,0
2,2004,353,1730,.4
2,2004,353,1740,.5
2,2004,353,1750,.3
1,2004,353,1800,22.7,87.9,85.2,0,-6999,682.1,-6999,-6999,-.037,0,0,0,0
2,2004,353,1800,0
2,2004,353,1810,0
2,2004,353,1820,0
1,2004,353,1830,23.31,86.5,61.79,0,-6999,682.6,-6999,-6999,-.037,0,0,0,0
2,2004,353,1830,0
2,2004,353,1840,0
2,2004,353,1850,0
1,2004,353,1900,23.34,86.9,13.97,0,-6999,683.1,-6999,-6999,-.037,0,0,0,0
2,2004,353,1900,0
2,2004,353,1910,0
2,2004,353,1920,0
1,2004,353,1930,21.7,89.6,.037,0,-6999,683.7,-6999,-6999,-.037,0,0,0,0
2,2004,353,1930,0
2,2004,353,1940,0
2,2004,353,1950,0
1,2004,353,2000,20.79,93.8,0,0,-6999,684,-6999,-6999,-.037,0,0,0,0
2,2004,353,2000,0
2,2004,353,2010,0
2,2004,353,2020,0
1,2004,353,2030,20.4,94.4,.006,0,-6999,684.1,-6999,-6999,-.037,0,0,0,0
2,2004,353,2030,0
2,2004,353,2040,0
2,2004,353,2050,0
1,2004,353,2100,20.59,93.5,.006,0,-6999,684.1,-6999,-6999,-.037,0,0,0,0
2,2004,353,2100,0
2,2004,353,2110,0
2,2004,353,2120,.2
1,2004,353,2130,20.44,92.4,.011,0,-6999,684.2,-6999,-6999,-.037,0,0,0,0
2,2004,353,2130,0
2,2004,353,2140,0
2,2004,353,2150,0
1,2004,353,2200,20.41,91.4,.018,0,-6999,684.1,-6999,-6999,-.037,0,0,0,0
2,2004,353,2200,0
2,2004,353,2210,0
2,2004,353,2220,.1
1,2004,353,2230,20.41,91.3,0,0,-6999,684,-6999,-6999,-.037,0,0,0,0
2,2004,353,2230,0
2,2004,353,2240,0
2,2004,353,2250,0
1,2004,353,2300,20.46,91.2,0,0,-6999,684.2,-6999,-6999,-.037,0,0,0,0
2,2004,353,2300,0
2,2004,353,2310,0
2,2004,353,2320,0
1,2004,353,2330,20.83,87.7,.002,0,-6999,684.1,-6999,-6999,-.037,0,0,0,0
2,2004,353,2330,0
2,2004,353,2340,0
2,2004,353,2350,0
1,2004,353,2400,20.72,87.2,0,0,-6999,683.9,-6999,-6999,-.037,0,0,0,0
2,2004,353,2400,0
3,2004,353,2400,29.59,18.12,22.38,100.3,200,46.67,1542,84.8,-6999,0,-6999,0,-6999,7.1
2,2004,354,10,0
2,2004,354,20,0
1,2004,354,30,20.37,90.3,0,0,-6999,683.8,-6999,-6999,-.037,0,0,0,0
2,2004,354,30,0
2,2004,354,40,0
2,2004,354,50,0
1,2004,354,100,20.24,92.4,0,0,-6999,683.6,-6999,-6999,-.037,0,0,0,0
2,2004,354,100,0
2,2004,354,110,0
2,2004,354,120,0
1,2004,354,130,20.24,92.6,0,0,-6999,683.5,-6999,-6999,-.037,0,0,0,0
2,2004,354,130,0
2,2004,354,140,0
2,2004,354,150,0
1,2004,354,200,20.4,91.1,0,0,-6999,683.3,-6999,-6999,-.037,0,0,0,0
2,2004,354,200,0
2,2004,354,210,0
2,2004,354,220,0
1,2004,354,230,20.21,93.8,0,0,-6999,683.3,-6999,-6999,-.037,0,0,0,0
2,2004,354,230,0
2,2004,354,240,0
2,2004,354,250,0
1,2004,354,300,19.58,98.3,0,0,-6999,683.2,-6999,-6999,-.037,0,0,0,0
2,2004,354,300,0
2,2004,354,310,0
2,2004,354,320,0
1,2004,354,330,19.32,100.2,.001,0,-6999,683,-6999,-6999,-.037,0,0,0,0
2,2004,354,330,0
2,2004,354,340,0
2,2004,354,350,0
1,2004,354,400,19.22,100.6,.002,0,-6999,682.9,-6999,-6999,-.037,0,0,0,0
2,2004,354,400,0
2,2004,354,410,0
2,2004,354,420,0
1,2004,354,430,19.19,100.6,.005,0,-6999,682.9,-6999,-6999,-.037,0,0,0,0
2,2004,354,430,0
2,2004,354,440,0
2,2004,354,450,0
1,2004,354,500,19.34,100.2,.005,0,-6999,683,-6999,-6999,-.037,0,0,0,0
2,2004,354,500,0
2,2004,354,510,0
2,2004,354,520,0
1,2004,354,530,19.4,99.7,.533,0,-6999,683.2,-6999,-6999,-.037,0,0,0,0
2,2004,354,530,0
2,2004,354,540,0
2,2004,354,550,0
1,2004,354,600,19.78,97.7,10.85,0,-6999,683.4,-6999,-6999,-.037,0,0,0,0
2,2004,354,600,0
2,2004,354,610,0
2,2004,354,620,0
1,2004,354,630,20.18,95.3,44.74,0,-6999,683.8,-6999,-6999,-.037,0,0,0,0
2,2004,354,630,0
2,2004,354,640,0
2,2004,354,650,0
1,2004,354,700,20.3,96,80.8,0,-6999,684,-6999,-6999,-.037,0,0,0,0
2,2004,354,700,0
2,2004,354,710,0
2,2004,354,720,0
1,2004,354,730,20.33,96.5,88.9,0,-6999,684.3,-6999,-6999,-.037,0,0,0,0
2,2004,354,730,0
2,2004,354,740,0
2,2004,354,750,0
1,2004,354,800,20.41,96.6,79.7,0,-6999,684.4,-6999,-6999,-.037,0,0,0,0
2,2004,354,800,0
2,2004,354,810,0
2,2004,354,820,0
1,2004,354,830,20.61,96.5,81.3,0,-6999,684.5,-6999,-6999,-.037,0,0,0,0
2,2004,354,830,0
2,2004,354,840,0
2,2004,354,850,0
1,2004,354,900,21.07,94.9,265.7,0,-6999,684.5,-6999,-6999,-.037,0,0,0,0
2,2004,354,900,0
2,2004,354,910,0
2,2004,354,920,0
1,2004,354,930,21.44,93.7,208.5,0,-6999,684.6,-6999,-6999,-.037,0,0,0,0
2,2004,354,930,0
2,2004,354,940,0
2,2004,354,950,0
1,2004,354,1000,22.34,90.4,514.1,0,-6999,684.5,-6999,-6999,-.037,0,0,0,0
2,2004,354,1000,0
2,2004,354,1010,0
2,2004,354,1020,0
1,2004,354,1030,23.05,85.2,519.1,0,-6999,684.4,-6999,-6999,-.037,0,0,0,0
2,2004,354,1030,0
2,2004,354,1040,0
2,2004,354,1050,0
1,2004,354,1100,24.29,77.4,753,0,-6999,684.2,-6999,-6999,-.037,0,0,0,0
2,2004,354,1100,0
2,2004,354,1110,0
2,2004,354,1120,0
1,2004,354,1130,24.95,75.4,810,0,-6999,684,-6999,-6999,-.037,0,0,0,0
2,2004,354,1130,0
2,2004,354,1140,0
2,2004,354,1150,0
1,2004,354,1200,24.79,74.1,498.1,0,-6999,684,-6999,-6999,-.037,0,0,0,0
2,2004,354,1200,0
2,2004,354,1210,0
2,2004,354,1220,0
1,2004,354,1230,24.58,76,340.3,0,-6999,683.9,-6999,-6999,-.037,0,0,0,0
2,2004,354,1230,0
2,2004,354,1240,0
2,2004,354,1250,0
1,2004,354,1300,24.83,75.9,494.8,0,-6999,683.8,-6999,-6999,-.037,0,0,0,0
2,2004,354,1300,0
2,2004,354,1310,0
2,2004,354,1320,0
1,2004,354,1330,23.79,83.4,437.5,0,-6999,683.6,-6999,-6999,-.037,0,0,0,0
2,2004,354,1330,0
2,2004,354,1340,0
2,2004,354,1350,0
1,2004,354,1400,25.5,71.3,821,0,-6999,683.2,-6999,-6999,-.037,0,0,0,0
2,2004,354,1400,0
2,2004,354,1410,0
2,2004,354,1420,0
1,2004,354,1430,25.9,68.92,464.7,0,-6999,682.8,-6999,-6999,-.037,0,0,0,0
2,2004,354,1430,0
2,2004,354,1440,0
2,2004,354,1450,0
1,2004,354,1500,25.21,73.1,404.2,0,-6999,682.4,-6999,-6999,-.037,0,0,0,0
2,2004,354,1500,0
2,2004,354,1510,0
2,2004,354,1520,0
1,2004,354,1530,24.76,76.4,460.3,0,-6999,682.2,-6999,-6999,-.037,0,0,0,0
2,2004,354,1530,0
2,2004,354,1540,0
2,2004,354,1550,0
1,2004,354,1600,24.76,76.6,393,0,-6999,682.1,-6999,-6999,-.037,0,0,0,0
2,2004,354,1600,0
2,2004,354,1610,0
2,2004,354,1620,0
1,2004,354,1630,24.88,74.9,292.9,0,-6999,681.9,-6999,-6999,-.037,0,0,0,0
2,2004,354,1630,0
2,2004,354,1640,0
2,2004,354,1650,0
1,2004,354,1700,24.99,73,307.8,0,-6999,681.9,-6999,-6999,-.037,0,0,0,0
2,2004,354,1700,0
2,2004,354,1710,0
2,2004,354,1720,0
1,2004,354,1730,25.84,70.5,315.5,0,-6999,681.9,-6999,-6999,-.037,0,0,0,0
2,2004,354,1730,0
2,2004,354,1740,0
2,2004,354,1750,0
1,2004,354,1800,25.12,73.4,129.4,0,-6999,682,-6999,-6999,-.037,0,0,0,0
2,2004,354,1800,0
2,2004,354,1810,0
2,2004,354,1820,5
1,2004,354,1830,23.83,80.3,23.1,0,-6999,682.2,-6999,-6999,-.037,0,0,0,0
2,2004,354,1830,9.2
2,2004,354,1840,6.8
2,2004,354,1850,5.4
1,2004,354,1900,20.63,97.8,3.883,0,-6999,682.7,-6999,-6999,-.037,0,0,0,0
2,2004,354,1900,11.5
2,2004,354,1910,6.2
2,2004,354,1920,2.2
1,2004,354,1930,19.32,100.4,0,0,-6999,682.7,-6999,-6999,-.037,0,0,0,0
2,2004,354,1930,.7
2,2004,354,1940,.3
2,2004,354,1950,.4
1,2004,354,2000,19.23,101,0,0,-6999,683.1,-6999,-6999,-.037,0,0,0,0
2,2004,354,2000,.3
2,2004,354,2010,.4
2,2004,354,2020,.3
1,2004,354,2030,19.28,101,0,0,-6999,683.5,-6999,-6999,-.037,0,0,0,0
2,2004,354,2030,.1
2,2004,354,2040,.5
2,2004,354,2050,.4
1,2004,354,2100,19.27,101.1,0,0,-6999,683.8,-6999,-6999,-.037,0,0,0,0
2,2004,354,2100,.3
2,2004,354,2110,.2
2,2004,354,2120,.1
1,2004,354,2130,19.25,101.2,0,0,-6999,684,-6999,-6999,-.037,0,0,0,0
2,2004,354,2130,0
2,2004,354,2140,0
2,2004,354,2150,0
1,2004,354,2200,19.32,101.2,0,0,-6999,684.1,-6999,-6999,-.037,0,0,0,0
2,2004,354,2200,0
2,2004,354,2210,0
2,2004,354,2220,.2
1,2004,354,2230,19.37,101.2,0,0,-6999,684.3,-6999,-6999,-.037,0,0,0,0
2,2004,354,2230,0
2,2004,354,2240,0
2,2004,354,2250,0
1,2004,354,2300,19.46,101.2,0,0,-6999,684.4,-6999,-6999,-.037,0,0,0,0
2,2004,354,2300,0
2,2004,354,2310,0
2,2004,354,2320,0
1,2004,354,2330,19.32,101.2,0,0,-6999,684.3,-6999,-6999,-.037,0,0,0,0
2,2004,354,2330,.3
2,2004,354,2340,.1
2,2004,354,2350,.6
1,2004,354,2400,19.16,101.3,0,0,-6999,684.2,-6999,-6999,-.037,0,0,0,0
2,2004,354,2400,1.6
3,2004,354,2400,26.28,19,21.64,101.4,2345,65.41,1353,89.8,-6999,0,-6999,0,-6999,53.1
2,2004,355,10,.8
2,2004,355,20,.1
1,2004,355,30,19.23,101.4,0,0,-6999,683.7,-6999,-6999,-.037,0,0,0,0
2,2004,355,30,.4
2,2004,355,40,.1
2,2004,355,50,.2
1,2004,355,100,19.33,101.5,0,0,-6999,683.4,-6999,-6999,-.037,0,0,0,0
2,2004,355,100,0
2,2004,355,110,.3
2,2004,355,120,.1
1,2004,355,130,19.26,101.5,0,0,-6999,683.2,-6999,-6999,-.037,0,0,0,0
2,2004,355,130,.2
2,2004,355,140,0
2,2004,355,150,0
1,2004,355,200,19.12,101.6,0,0,-6999,683.1,-6999,-6999,-.037,0,0,0,0
2,2004,355,200,.1
2,2004,355,210,0
2,2004,355,220,.3
1,2004,355,230,19.11,101.6,0,0,-6999,683.1,-6999,-6999,-.037,0,0,0,0
2,2004,355,230,.2
2,2004,355,240,0
2,2004,355,250,.1
1,2004,355,300,18.98,101.6,0,0,-6999,683.1,-6999,-6999,-.037,0,0,0,0
2,2004,355,300,.3
2,2004,355,310,.5
2,2004,355,320,.7
1,2004,355,330,18.87,101.6,0,0,-6999,682.9,-6999,-6999,-.037,0,0,0,0
2,2004,355,330,.5
2,2004,355,340,.3
2,2004,355,350,.2
1,2004,355,400,18.9,101.6,0,0,-6999,682.9,-6999,-6999,-.037,0,0,0,0
2,2004,355,400,.1
2,2004,355,410,0
2,2004,355,420,0
1,2004,355,430,18.98,101.6,0,0,-6999,683,-6999,-6999,-.037,0,0,0,0
2,2004,355,430,0
2,2004,355,440,0
2,2004,355,450,.1
1,2004,355,500,18.86,101.7,0,0,-6999,683.1,-6999,-6999,-.037,0,0,0,0
2,2004,355,500,0
2,2004,355,510,0
2,2004,355,520,0
1,2004,355,530,18.85,101.7,.498,0,-6999,683.2,-6999,-6999,-.037,0,0,0,0
2,2004,355,530,0
2,2004,355,540,0
2,2004,355,550,0
1,2004,355,600,18.74,101.7,21.77,0,-6999,683.3,-6999,-6999,-.037,0,0,0,0
2,2004,355,600,0
2,2004,355,610,0
2,2004,355,620,0
1,2004,355,630,18.75,101.7,56.09,0,-6999,683.5,-6999,-6999,-.037,0,0,0,0
2,2004,355,630,0
2,2004,355,640,0
2,2004,355,650,0
1,2004,355,700,18.76,101.7,42.46,0,-6999,683.7,-6999,-6999,-.037,0,0,0,0
2,2004,355,700,0
2,2004,355,710,0
2,2004,355,720,0
1,2004,355,730,18.98,101.7,92.1,0,-6999,683.7,-6999,-6999,-.037,0,0,0,0
2,2004,355,730,0
2,2004,355,740,0
2,2004,355,750,0
1,2004,355,800,19.41,101.6,156.7,0,-6999,684,-6999,-6999,-.037,0,0,0,0
2,2004,355,800,0
2,2004,355,810,0
2,2004,355,820,0
1,2004,355,830,19.83,101.5,301.3,0,-6999,684,-6999,-6999,-.037,0,0,0,0
2,2004,355,830,0
2,2004,355,840,0
2,2004,355,850,0
1,2004,355,900,20.36,99.7,312.1,0,-6999,683.8,-6999,-6999,-.037,0,0,0,0
2,2004,355,900,0
2,2004,355,910,0
2,2004,355,920,0
1,2004,355,930,21.18,95.7,298.1,0,-6999,683.9,-6999,-6999,-.037,0,0,0,0
2,2004,355,930,0
2,2004,355,940,0
2,2004,355,950,0
1,2004,355,1000,21.35,94.7,162.4,0,-6999,684.2,-6999,-6999,-.037,0,0,0,0
2,2004,355,1000,0
2,2004,355,1010,0
2,2004,355,1020,0
1,2004,355,1030,22.51,89.4,513.3,0,-6999,684.1,-6999,-6999,-.037,0,0,0,0
2,2004,355,1030,0
2,2004,355,1040,0
2,2004,355,1050,0
1,2004,355,1100,23.01,85.8,402.5,0,-6999,684,-6999,-6999,-.037,0,0,0,0
2,2004,355,1100,0
2,2004,355,1110,0
2,2004,355,1120,0
1,2004,355,1130,24.05,81.4,611.2,0,-6999,684,-6999,-6999,-.037,0,0,0,0
2,2004,355,1130,0
2,2004,355,1140,0
2,2004,355,1150,0
1,2004,355,1200,24.37,80.5,426.9,0,-6999,683.9,-6999,-6999,-.037,0,0,0,0
2,2004,355,1200,0
2,2004,355,1210,0
2,2004,355,1220,0
1,2004,355,1230,24.21,82,410.7,0,-6999,683.7,-6999,-6999,-.037,0,0,0,0
2,2004,355,1230,0
2,2004,355,1240,0
2,2004,355,1250,0
1,2004,355,1300,24.9,79.5,396.3,0,-6999,683.3,-6999,-6999,-.037,0,0,0,0
2,2004,355,1300,0
2,2004,355,1310,0
2,2004,355,1320,0
1,2004,355,1330,24.82,81,535.5,0,-6999,682.9,-6999,-6999,-.037,0,0,0,0
2,2004,355,1330,0
2,2004,355,1340,0
2,2004,355,1350,0
1,2004,355,1400,26.78,68.78,898,0,-6999,682.4,-6999,-6999,-.037,0,0,0,0
2,2004,355,1400,0
2,2004,355,1410,0
2,2004,355,1420,0
1,2004,355,1430,27.31,64.16,835,0,-6999,682,-6999,-6999,-.037,0,0,0,0
2,2004,355,1430,0
2,2004,355,1440,0
2,2004,355,1450,0
1,2004,355,1500,27.73,63.01,781,0,-6999,681.7,-6999,-6999,-.037,0,0,0,0
2,2004,355,1500,0
2,2004,355,1510,0
2,2004,355,1520,0
1,2004,355,1530,28.09,61.65,679.6,0,-6999,681.3,-6999,-6999,-.037,0,0,0,0
2,2004,355,1530,0
2,2004,355,1540,0
2,2004,355,1550,0
1,2004,355,1600,28.09,61.45,536.3,0,-6999,681.2,-6999,-6999,-.037,0,0,0,0
2,2004,355,1600,0
2,2004,355,1610,0
2,2004,355,1620,0
1,2004,355,1630,27.42,65.14,325.9,0,-6999,681.3,-6999,-6999,-.037,0,0,0,0
2,2004,355,1630,0
2,2004,355,1640,0
2,2004,355,1650,0
1,2004,355,1700,25.73,75,321.4,0,-6999,681.3,-6999,-6999,-.037,0,0,0,0
2,2004,355,1700,0
2,2004,355,1710,0
2,2004,355,1720,0
1,2004,355,1730,25.43,76.3,128.9,0,-6999,681.8,-6999,-6999,-.037,0,0,0,0
2,2004,355,1730,0
2,2004,355,1740,0
2,2004,355,1750,0
1,2004,355,1800,24.75,80.2,74,0,-6999,681.8,-6999,-6999,-.037,0,0,0,0
2,2004,355,1800,0
2,2004,355,1810,0
2,2004,355,1820,0
1,2004,355,1830,22.69,85.9,23.99,0,-6999,682.2,-6999,-6999,-.037,0,0,0,0
2,2004,355,1830,0
2,2004,355,1840,0
2,2004,355,1850,0
1,2004,355,1900,22.05,87.1,5.738,0,-6999,682.1,-6999,-6999,-.037,0,0,0,0
2,2004,355,1900,0
2,2004,355,1910,0
2,2004,355,1920,0
1,2004,355,1930,21.74,90.2,.033,0,-6999,682.2,-6999,-6999,-.037,0,0,0,0
2,2004,355,1930,0
2,2004,355,1940,0
2,2004,355,1950,0
1,2004,355,2000,21.62,90.9,0,0,-6999,682.7,-6999,-6999,-.037,0,0,0,0
2,2004,355,2000,0
2,2004,355,2010,0
2,2004,355,2020,0
1,2004,355,2030,21.35,91.9,0,0,-6999,683.4,-6999,-6999,-.037,0,0,0,0
2,2004,355,2030,0
2,2004,355,2040,.1
2,2004,355,2050,5.9
1,2004,355,2100,21,92.9,.001,0,-6999,683.9,-6999,-6999,-.037,0,0,0,0
2,2004,355,2100,7.6
2,2004,355,2110,4.3
2,2004,355,2120,3.3
1,2004,355,2130,19.83,99.3,0,0,-6999,684,-6999,-6999,-.037,0,0,0,0
2,2004,355,2130,.5
2,2004,355,2140,.9
2,2004,355,2150,0
1,2004,355,2200,19.65,100.5,0,0,-6999,684.1,-6999,-6999,-.037,0,0,0,0
2,2004,355,2200,.1
2,2004,355,2210,0
2,2004,355,2220,0
1,2004,355,2230,19.71,100.9,0,0,-6999,684.1,-6999,-6999,-.037,0,0,0,0
2,2004,355,2230,0
2,2004,355,2240,0
2,2004,355,2250,0
1,2004,355,2300,19.76,101.1,0,0,-6999,684,-6999,-6999,-.037,0,0,0,0
2,2004,355,2300,0
2,2004,355,2310,0
2,2004,355,2320,0
1,2004,355,2330,19.77,101.2,0,0,-6999,683.9,-6999,-6999,-.037,0,0,0,0
2,2004,355,2330,0
2,2004,355,2340,0
2,2004,355,2350,0
1,2004,355,2400,19.66,101.3,0,0,-6999,683.9,-6999,-6999,-.037,0,0,0,0
2,2004,355,2400,0
3,2004,355,2400,29.04,18.59,21.77,101.8,603,57.23,1612,90.7,-6999,0,-6999,0,-6999,28.3
2,2004,356,10,.1
2,2004,356,20,0
1,2004,356,30,19.57,101.3,0,0,-6999,683.7,-6999,-6999,-.037,0,0,0,0
2,2004,356,30,0
2,2004,356,40,0
2,2004,356,50,0
1,2004,356,100,19.47,101.4,0,0,-6999,683.5,-6999,-6999,-.037,0,0,0,0
2,2004,356,100,.1
2,2004,356,110,0
2,2004,356,120,0
1,2004,356,130,19.41,101.4,0,0,-6999,683.6,-6999,-6999,-.037,0,0,0,0
2,2004,356,130,0
2,2004,356,140,0
2,2004,356,150,0
1,2004,356,200,19.27,101.4,0,0,-6999,683.4,-6999,-6999,-.037,0,0,0,0
2,2004,356,200,.2
2,2004,356,210,0
2,2004,356,220,0
1,2004,356,230,18.86,101.5,.005,0,-6999,683.4,-6999,-6999,-.037,0,0,0,0
2,2004,356,230,.1
2,2004,356,240,0
2,2004,356,250,.2
1,2004,356,300,18.63,101.5,.005,0,-6999,683.3,-6999,-6999,-.037,0,0,0,0
2,2004,356,300,.1
2,2004,356,310,.2
2,2004,356,320,.3
1,2004,356,330,18.52,101.6,0,0,-6999,683.2,-6999,-6999,-.037,0,0,0,0
2,2004,356,330,.3
2,2004,356,340,.2
2,2004,356,350,.1
1,2004,356,400,18.22,101.6,0,0,-6999,683.2,-6999,-6999,-.037,0,0,0,0
2,2004,356,400,.1
2,2004,356,410,.1
2,2004,356,420,.1
1,2004,356,430,18.13,101.6,0,0,-6999,683.2,-6999,-6999,-.037,0,0,0,0
2,2004,356,430,0
2,2004,356,440,.1
2,2004,356,450,.1
1,2004,356,500,18.19,101.6,0,0,-6999,683.3,-6999,-6999,-.037,0,0,0,0
2,2004,356,500,.4
2,2004,356,510,.8
2,2004,356,520,.5
1,2004,356,530,18.2,101.6,.146,0,-6999,683.5,-6999,-6999,-.037,0,0,0,0
2,2004,356,530,.6
2,2004,356,540,.6
2,2004,356,550,.3
1,2004,356,600,18.27,101.5,2.623,0,-6999,683.7,-6999,-6999,-.037,0,0,0,0
2,2004,356,600,.4
2,2004,356,610,1.1
2,2004,356,620,1
1,2004,356,630,18.19,101.3,11.05,0,-6999,684,-6999,-6999,-.037,0,0,0,0
2,2004,356,630,.6
2,2004,356,640,1.7
2,2004,356,650,.8
1,2004,356,700,18.08,101.2,25.23,0,-6999,684.2,-6999,-6999,-.037,0,0,0,0
2,2004,356,700,.6
2,2004,356,710,.8
2,2004,356,720,.1
1,2004,356,730,17.99,101,36.47,0,-6999,684.4,-6999,-6999,-.037,0,0,0,0
2,2004,356,730,0
2,2004,356,740,0
2,2004,356,750,.2
1,2004,356,800,18.01,100.6,63.11,0,-6999,684.5,-6999,-6999,-.037,0,0,0,0
2,2004,356,800,.3
2,2004,356,810,.3
2,2004,356,820,.1
1,2004,356,830,18.1,100.3,114.1,0,-6999,684.5,-6999,-6999,-.037,0,0,0,0
2,2004,356,830,.2
2,2004,356,840,.1
2,2004,356,850,.2
1,2004,356,900,18.26,100.5,120.2,0,-6999,684.6,-6999,-6999,-.037,0,0,0,0
2,2004,356,900,.1
2,2004,356,910,.2
2,2004,356,920,.3
1,2004,356,930,18.65,100.8,137.7,0,-6999,684.7,-6999,-6999,-.037,0,0,0,0
2,2004,356,930,.2
2,2004,356,940,.3
2,2004,356,950,.1
1,2004,356,1000,19.07,100.7,233.2,0,-6999,684.7,-6999,-6999,-.037,0,0,0,0
2,2004,356,1000,.1
2,2004,356,1010,.1
2,2004,356,1020,0
1,2004,356,1030,19.2,100.2,162.7,0,-6999,684.7,-6999,-6999,-.037,0,0,0,0
2,2004,356,1030,.4
2,2004,356,1040,.3
2,2004,356,1050,.2
1,2004,356,1100,19.02,100.4,206,0,-6999,684.7,-6999,-6999,-.037,0,0,0,0
2,2004,356,1100,.3
2,2004,356,1110,.1
2,2004,356,1120,0
1,2004,356,1130,19.2,100.3,323.1,0,-6999,684.6,-6999,-6999,-.037,0,0,0,0
2,2004,356,1130,0
2,2004,356,1140,0
2,2004,356,1150,0
1,2004,356,1200,19.63,98.1,336.4,0,-6999,684.5,-6999,-6999,-.037,0,0,0,0
2,2004,356,1200,0
2,2004,356,1210,0
2,2004,356,1220,0
1,2004,356,1230,19.74,96.2,333,0,-6999,684.5,-6999,-6999,-.037,0,0,0,0
2,2004,356,1230,0
2,2004,356,1240,0
2,2004,356,1250,0
1,2004,356,1300,20.57,91.5,412.4,0,-6999,684.3,-6999,-6999,-.037,0,0,0,0
2,2004,356,1300,0
2,2004,356,1310,0
2,2004,356,1320,0
1,2004,356,1330,20.67,90,351.7,0,-6999,684.1,-6999,-6999,-.037,0,0,0,0
2,2004,356,1330,0
2,2004,356,1340,0
2,2004,356,1350,0
1,2004,356,1400,20.23,91.4,206.9,0,-6999,683.9,-6999,-6999,-.037,0,0,0,0
2,2004,356,1400,0
2,2004,356,1410,0
2,2004,356,1420,0
1,2004,356,1430,20.39,90.6,268.3,0,-6999,683.5,-6999,-6999,-.037,0,0,0,0
2,2004,356,1430,0
2,2004,356,1440,0
2,2004,356,1450,0
1,2004,356,1500,20.02,92.7,227.6,0,-6999,683.3,-6999,-6999,-.037,0,0,0,0
2,2004,356,1500,0
2,2004,356,1510,0
2,2004,356,1520,0
1,2004,356,1530,20.21,91.2,208.8,0,-6999,683.1,-6999,-6999,-.037,0,0,0,0
2,2004,356,1530,0
2,2004,356,1540,0
2,2004,356,1550,0
1,2004,356,1600,20.33,91.3,230.9,0,-6999,683,-6999,-6999,-.037,0,0,0,0
2,2004,356,1600,0
2,2004,356,1610,0
2,2004,356,1620,0
1,2004,356,1630,20.34,90.7,120.4,0,-6999,683.1,-6999,-6999,-.037,0,0,0,0
2,2004,356,1630,0
2,2004,356,1640,0
2,2004,356,1650,0
1,2004,356,1700,20.31,90.6,213.7,0,-6999,683,-6999,-6999,-.037,0,0,0,0
2,2004,356,1700,0
2,2004,356,1710,0
2,2004,356,1720,0
1,2004,356,1730,20.1,92.2,106.7,0,-6999,683.1,-6999,-6999,-.037,0,0,0,0
2,2004,356,1730,0
2,2004,356,1740,0
2,2004,356,1750,0
1,2004,356,1800,19.97,91.5,86.2,0,-6999,683,-6999,-6999,-.037,0,0,0,0
2,2004,356,1800,0
2,2004,356,1810,0
2,2004,356,1820,0
1,2004,356,1830,19.8,91.5,48.55,0,-6999,683,-6999,-6999,-.037,0,0,0,0
2,2004,356,1830,0
2,2004,356,1840,0
2,2004,356,1850,0
1,2004,356,1900,19.61,89.8,17.23,0,-6999,683.2,-6999,-6999,-.037,0,0,0,0
2,2004,356,1900,0
2,2004,356,1910,0
2,2004,356,1920,0
1,2004,356,1930,19.13,91.4,.549,0,-6999,683.4,-6999,-6999,-.037,0,0,0,0
2,2004,356,1930,0
2,2004,356,1940,0
2,2004,356,1950,0
1,2004,356,2000,18.93,93.1,.005,0,-6999,683.7,-6999,-6999,-.037,0,0,0,0
2,2004,356,2000,0
2,2004,356,2010,0
2,2004,356,2020,0
1,2004,356,2030,18.79,92.6,.002,0,-6999,684,-6999,-6999,-.037,0,0,0,0
2,2004,356,2030,0
2,2004,356,2040,0
2,2004,356,2050,0
1,2004,356,2100,18.54,90.6,.007,0,-6999,684.2,-6999,-6999,-.037,0,0,0,0
2,2004,356,2100,0
2,2004,356,2110,0
2,2004,356,2120,0
1,2004,356,2130,18.2,92.2,.005,0,-6999,684.4,-6999,-6999,-.037,0,0,0,0
2,2004,356,2130,0
2,2004,356,2140,0
2,2004,356,2150,0
1,2004,356,2200,18.02,94.1,.003,0,-6999,684.6,-6999,-6999,-.037,0,0,0,0
2,2004,356,2200,0
2,2004,356,2210,0
2,2004,356,2220,0
1,2004,356,2230,17.96,95.1,.002,0,-6999,684.8,-6999,-6999,-.037,0,0,0,0
2,2004,356,2230,0
2,2004,356,2240,0
2,2004,356,2250,0
1,2004,356,2300,17.83,94.9,.001,0,-6999,684.8,-6999,-6999,-.037,0,0,0,0
2,2004,356,2300,0
2,2004,356,2310,0
2,2004,356,2320,0
1,2004,356,2330,17.6,95,.005,0,-6999,684.8,-6999,-6999,-.037,0,0,0,0
2,2004,356,2330,0
2,2004,356,2340,0
2,2004,356,2350,0
1,2004,356,2400,17.24,95.2,.009,0,-6999,684.6,-6999,-6999,-.037,0,0,0,0
2,2004,356,2400,0
3,2004,356,2400,21.01,16.99,19.01,101.7,443,87.5,1330,96.7,-6999,0,-6999,0,-6999,16.8
2,2004,357,10,0
2,2004,357,20,0
1,2004,357,30,17,95.4,.005,0,-6999,684.3,-6999,-6999,-.037,0,0,0,0
2,2004,357,30,0
2,2004,357,40,0
2,2004,357,50,0
1,2004,357,100,16.97,95.5,.001,0,-6999,684,-6999,-6999,-.037,0,0,0,0
2,2004,357,100,0
2,2004,357,110,0
2,2004,357,120,0
1,2004,357,130,16.77,95.5,.008,0,-6999,683.5,-6999,-6999,-.037,0,0,0,0
2,2004,357,130,0
2,2004,357,140,0
2,2004,357,150,0
1,2004,357,200,16.42,96.2,.002,0,-6999,683.4,-6999,-6999,-.037,0,0,0,0
2,2004,357,200,0
2,2004,357,210,0
2,2004,357,220,0
1,2004,357,230,16.11,96.3,.003,0,-6999,683.3,-6999,-6999,-.037,0,0,0,0
2,2004,357,230,0
2,2004,357,240,0
2,2004,357,250,0
1,2004,357,300,15.98,95.7,.003,0,-6999,683.2,-6999,-6999,-.037,0,0,0,0
2,2004,357,300,0
2,2004,357,310,0
2,2004,357,320,0
1,2004,357,330,15.85,95.8,.003,0,-6999,683.2,-6999,-6999,-.037,0,0,0,0
2,2004,357,330,0
2,2004,357,340,0
2,2004,357,350,0
1,2004,357,400,15.75,96.4,.003,0,-6999,683,-6999,-6999,-.037,0,0,0,0
2,2004,357,400,0
2,2004,357,410,0
2,2004,357,420,0
1,2004,357,430,15.65,97,.001,0,-6999,683.1,-6999,-6999,-.037,0,0,0,0
2,2004,357,430,0
2,2004,357,440,0
2,2004,357,450,0
1,2004,357,500,15.59,97.4,.002,0,-6999,683,-6999,-6999,-.037,0,0,0,0
2,2004,357,500,0
2,2004,357,510,0
2,2004,357,520,0
1,2004,357,530,15.61,97.5,.862,0,-6999,683.1,-6999,-6999,-.037,0,0,0,0
2,2004,357,530,0
2,2004,357,540,0
2,2004,357,550,0
1,2004,357,600,15.73,97.1,12.96,0,-6999,683.3,-6999,-6999,-.037,0,0,0,0
2,2004,357,600,0
2,2004,357,610,0
2,2004,357,620,0
1,2004,357,630,15.87,96.8,53.43,0,-6999,683.5,-6999,-6999,-.037,0,0,0,0
2,2004,357,630,0
2,2004,357,640,0
2,2004,357,650,0
1,2004,357,700,16.26,95.6,112.9,0,-6999,683.6,-6999,-6999,-.037,0,0,0,0
2,2004,357,700,0
2,2004,357,710,0
2,2004,357,720,0
1,2004,357,730,16.52,94.6,105.5,0,-6999,683.8,-6999,-6999,-.037,0,0,0,0
2,2004,357,730,0
2,2004,357,740,0
2,2004,357,750,0
1,2004,357,800,16.72,93.6,147,0,-6999,683.8,-6999,-6999,-.037,0,0,0,0
2,2004,357,800,0
2,2004,357,810,0
2,2004,357,820,0
1,2004,357,830,17.18,91.2,173.9,0,-6999,683.9,-6999,-6999,-.037,0,0,0,0
2,2004,357,830,0
2,2004,357,840,0
2,2004,357,850,0
1,2004,357,900,17.59,90.1,224.6,0,-6999,684.1,-6999,-6999,-.037,0,0,0,0
2,2004,357,900,0
2,2004,357,910,0
2,2004,357,920,0
1,2004,357,930,18.31,88.3,319.3,0,-6999,684,-6999,-6999,-.037,0,0,0,0
2,2004,357,930,0
2,2004,357,940,0
2,2004,357,950,0
1,2004,357,1000,19.19,84.4,450,0,-6999,683.9,-6999,-6999,-.037,0,0,0,0
2,2004,357,1000,0
2,2004,357,1010,0
2,2004,357,1020,0
1,2004,357,1030,20.15,81,486.4,0,-6999,683.8,-6999,-6999,-.037,0,0,0,0
2,2004,357,1030,0
2,2004,357,1040,0
2,2004,357,1050,0
1,2004,357,1100,19.9,81.1,402,0,-6999,683.8,-6999,-6999,-.037,0,0,0,0
2,2004,357,1100,0
2,2004,357,1110,0
2,2004,357,1120,0
1,2004,357,1130,19.95,81.8,239.3,0,-6999,683.7,-6999,-6999,-.037,0,0,0,0
2,2004,357,1130,0
2,2004,357,1140,0
2,2004,357,1150,0
1,2004,357,1200,19.37,84.8,79.3,0,-6999,683.7,-6999,-6999,-.037,0,0,0,0
2,2004,357,1200,0
2,2004,357,1210,0
2,2004,357,1220,0
1,2004,357,1230,18.9,88.1,92.2,0,-6999,683.5,-6999,-6999,-.037,0,0,0,0
2,2004,357,1230,0
2,2004,357,1240,0
2,2004,357,1250,0
1,2004,357,1300,18.34,93.9,159.3,0,-6999,683.3,-6999,-6999,-.037,0,0,0,0
2,2004,357,1300,0
2,2004,357,1310,0
2,2004,357,1320,0
1,2004,357,1330,18.27,94.7,208.9,0,-6999,682.9,-6999,-6999,-.037,0,0,0,0
2,2004,357,1330,0
2,2004,357,1340,0
2,2004,357,1350,0
1,2004,357,1400,18.12,94.7,135.4,0,-6999,682.6,-6999,-6999,-.037,0,0,0,0
2,2004,357,1400,0
2,2004,357,1410,0
2,2004,357,1420,0
1,2004,357,1430,18.1,95.2,142.3,0,-6999,682.3,-6999,-6999,-.037,0,0,0,0
2,2004,357,1430,0
2,2004,357,1440,0
2,2004,357,1450,0
1,2004,357,1500,18.32,94.7,193.1,0,-6999,682.1,-6999,-6999,-.037,0,0,0,0
2,2004,357,1500,0
2,2004,357,1510,0
2,2004,357,1520,.3
1,2004,357,1530,18.19,96.1,151.8,0,-6999,682,-6999,-6999,-.037,0,0,0,0
2,2004,357,1530,.5
2,2004,357,1540,.3
2,2004,357,1550,1
1,2004,357,1600,17.6,99.3,117.3,0,-6999,681.9,-6999,-6999,-.037,0,0,0,0
2,2004,357,1600,.5
2,2004,357,1610,.1
2,2004,357,1620,.2
1,2004,357,1630,17.49,100.1,157.7,0,-6999,681.9,-6999,-6999,-.037,0,0,0,0
2,2004,357,1630,0
2,2004,357,1640,0
2,2004,357,1650,0
1,2004,357,1700,17.43,100,111.3,0,-6999,681.9,-6999,-6999,-.037,0,0,0,0
2,2004,357,1700,0
2,2004,357,1710,0
2,2004,357,1720,0
1,2004,357,1730,17.04,100.3,36.47,0,-6999,682,-6999,-6999,-.037,0,0,0,0
2,2004,357,1730,0
2,2004,357,1740,0
2,2004,357,1750,0
1,2004,357,1800,16.44,100.8,19.13,0,-6999,682.2,-6999,-6999,-.037,0,0,0,0
2,2004,357,1800,0
2,2004,357,1810,0
2,2004,357,1820,0
1,2004,357,1830,16.18,100.8,11.71,0,-6999,682.5,-6999,-6999,-.037,0,0,0,0
2,2004,357,1830,0
2,2004,357,1840,0
2,2004,357,1850,0
1,2004,357,1900,15.9,100.7,2.528,0,-6999,682.7,-6999,-6999,-.037,0,0,0,0
2,2004,357,1900,0
2,2004,357,1910,0
2,2004,357,1920,0
1,2004,357,1930,15.73,100.8,.068,0,-6999,682.8,-6999,-6999,-.037,0,0,0,0
2,2004,357,1930,0
2,2004,357,1940,0
2,2004,357,1950,0
1,2004,357,2000,15.56,100.8,.001,0,-6999,682.7,-6999,-6999,-.037,0,0,0,0
2,2004,357,2000,0
2,2004,357,2010,.1
2,2004,357,2020,0
1,2004,357,2030,15.34,100.7,.041,0,-6999,683,-6999,-6999,-.037,0,0,0,0
2,2004,357,2030,0
2,2004,357,2040,0
2,2004,357,2050,0
1,2004,357,2100,15.24,100.7,.062,0,-6999,682.8,-6999,-6999,-.037,0,0,0,0
2,2004,357,2100,0
2,2004,357,2110,0
2,2004,357,2120,0
1,2004,357,2130,15.18,100.8,.153,0,-6999,683.1,-6999,-6999,-.037,0,0,0,0
2,2004,357,2130,0
2,2004,357,2140,0
2,2004,357,2150,0
1,2004,357,2200,15.05,101,.167,0,-6999,683.2,-6999,-6999,-.037,0,0,0,0
2,2004,357,2200,0
2,2004,357,2210,0
2,2004,357,2220,0
1,2004,357,2230,14.99,101.1,.163,0,-6999,683.1,-6999,-6999,-.037,0,0,0,0
2,2004,357,2230,0
2,2004,357,2240,0
2,2004,357,2250,0
1,2004,357,2300,14.96,101,.122,0,-6999,682.9,-6999,-6999,-.037,0,0,0,0
2,2004,357,2300,0
2,2004,357,2310,0
2,2004,357,2320,0
1,2004,357,2330,15.04,100.5,.132,0,-6999,682.7,-6999,-6999,-.037,0,0,0,0
2,2004,357,2330,0
2,2004,357,2340,0
2,2004,357,2350,0
1,2004,357,2400,15.02,100.3,.144,0,-6999,682.5,-6999,-6999,-.037,0,0,0,0
2,2004,357,2400,0
3,2004,357,2400,20.66,14.84,16.85,101.2,2219,77.9,1016,95.5,-6999,0,-6999,0,-6999,3
2,2004,358,10,0
2,2004,358,20,0
1,2004,358,30,15.09,99.9,.105,0,-6999,682.3,-6999,-6999,-.037,0,0,0,0
2,2004,358,30,0
2,2004,358,40,0
2,2004,358,50,0
1,2004,358,100,15.1,99.8,.034,0,-6999,682,-6999,-6999,-.037,0,0,0,0
2,2004,358,100,0
2,2004,358,110,0
2,2004,358,120,0
1,2004,358,130,15.13,99.8,.026,0,-6999,681.5,-6999,-6999,-.037,0,0,0,0
2,2004,358,130,0
2,2004,358,140,0
2,2004,358,150,0
1,2004,358,200,15.22,100.1,.04,0,-6999,681.3,-6999,-6999,-.037,0,0,0,0
2,2004,358,200,0
2,2004,358,210,0
2,2004,358,220,0
1,2004,358,230,15.14,100.2,.023,0,-6999,681.2,-6999,-6999,-.037,0,0,0,0
2,2004,358,230,0
2,2004,358,240,0
2,2004,358,250,0
1,2004,358,300,15.01,100.5,.016,0,-6999,681.2,-6999,-6999,-.037,0,0,0,0
2,2004,358,300,0
2,2004,358,310,0
2,2004,358,320,0
1,2004,358,330,14.89,100.7,.01,0,-6999,681.2,-6999,-6999,-.037,0,0,0,0
2,2004,358,330,0
2,2004,358,340,0
2,2004,358,350,0
1,2004,358,400,14.96,101,.021,0,-6999,681.1,-6999,-6999,-.037,0,0,0,0
2,2004,358,400,0
2,2004,358,410,0
2,2004,358,420,0
1,2004,358,430,15.24,100.6,.026,0,-6999,681,-6999,-6999,-.037,0,0,0,0
2,2004,358,430,0
2,2004,358,440,0
2,2004,358,450,0
1,2004,358,500,15.19,100.5,.02,0,-6999,681.1,-6999,-6999,-.037,0,0,0,0
2,2004,358,500,0
2,2004,358,510,0
2,2004,358,520,0
1,2004,358,530,15.22,100.5,.328,0,-6999,681.3,-6999,-6999,-.037,0,0,0,0
2,2004,358,530,0
2,2004,358,540,0
2,2004,358,550,0
1,2004,358,600,15.18,100.6,5.737,0,-6999,681.5,-6999,-6999,-.037,0,0,0,0
2,2004,358,600,0
2,2004,358,610,0
2,2004,358,620,0
1,2004,358,630,15.27,100.9,46.7,0,-6999,681.6,-6999,-6999,-.037,0,0,0,0
2,2004,358,630,0
2,2004,358,640,0
2,2004,358,650,0
1,2004,358,700,15.97,100,74,0,-6999,681.9,-6999,-6999,-.037,0,0,0,0
2,2004,358,700,0
2,2004,358,710,0
2,2004,358,720,0
1,2004,358,730,16.77,97,126.2,0,-6999,682.1,-6999,-6999,-.037,0,0,0,0
2,2004,358,730,0
2,2004,358,740,0
2,2004,358,750,0
1,2004,358,800,18.06,92.7,336.2,0,-6999,682.1,-6999,-6999,-.037,0,0,0,0
2,2004,358,800,0
2,2004,358,810,0
2,2004,358,820,0
1,2004,358,830,19.47,86.9,438.9,0,-6999,682.1,-6999,-6999,-.037,0,0,0,0
2,2004,358,830,0
2,2004,358,840,0
2,2004,358,850,0
1,2004,358,900,20.6,82.9,612.4,0,-6999,682,-6999,-6999,-.037,0,0,0,0
2,2004,358,900,0
2,2004,358,910,0
2,2004,358,920,0
1,2004,358,930,21.42,80.8,792,0,-6999,682.1,-6999,-6999,-.037,0,0,0,0
2,2004,358,930,0
2,2004,358,940,0
2,2004,358,950,0
1,2004,358,1000,22.38,78.6,792,0,-6999,682.1,-6999,-6999,-.037,0,0,0,0
2,2004,358,1000,0
2,2004,358,1010,0
2,2004,358,1020,0
1,2004,358,1030,22.53,77.4,675.4,0,-6999,682,-6999,-6999,-.037,0,0,0,0
2,2004,358,1030,0
2,2004,358,1040,0
2,2004,358,1050,0
1,2004,358,1100,23.34,75.1,779,0,-6999,681.9,-6999,-6999,-.037,0,0,0,0
2,2004,358,1100,0
2,2004,358,1110,0
2,2004,358,1120,0
1,2004,358,1130,23.56,73.2,561.7,0,-6999,681.6,-6999,-6999,-.037,0,0,0,0
2,2004,358,1130,0
2,2004,358,1140,0
2,2004,358,1150,0
1,2004,358,1200,23.56,73.4,474.3,0,-6999,681.3,-6999,-6999,-.037,0,0,0,0
2,2004,358,1200,0
2,2004,358,1210,0
2,2004,358,1220,0
1,2004,358,1230,22.2,81.6,89.4,0,-6999,681.3,-6999,-6999,-.037,0,0,0,0
2,2004,358,1230,.6
2,2004,358,1240,5.7
2,2004,358,1250,.5
1,2004,358,1300,20.02,96.1,130.9,0,-6999,681.4,-6999,-6999,-.037,0,0,0,0
2,2004,358,1300,0
2,2004,358,1310,.7
2,2004,358,1320,0
1,2004,358,1330,19.94,99.7,342.2,0,-6999,681.1,-6999,-6999,-.037,0,0,0,0
2,2004,358,1330,0
2,2004,358,1340,.4
2,2004,358,1350,1.3
1,2004,358,1400,20.06,98.6,113.6,0,-6999,681,-6999,-6999,-.037,0,0,0,0
2,2004,358,1400,.7
2,2004,358,1410,1
2,2004,358,1420,0
