1,2005,301,1630,21.06,90.1,51.56,0,-6999,680.7,-6999,-6999,-.037,0,0,0,0
2,2005,301,1630,0
2,2005,301,1640,.4
2,2005,301,1650,.6
1,2005,301,1700,20.91,92.3,31.73,0,-6999,681,-6999,-6999,-.037,0,0,0,0
2,2005,301,1700,.4
2,2005,301,1710,.1
2,2005,301,1720,0
1,2005,301,1730,20.4,97,36.86,0,-6999,680.7,-6999,-6999,-.037,0,0,0,0
2,2005,301,1730,0
2,2005,301,1740,0
2,2005,301,1750,0
1,2005,301,1800,20.8,94.3,18.12,0,-6999,681,-6999,-6999,-.037,0,0,0,0
2,2005,301,1800,0
2,2005,301,1810,0
2,2005,301,1820,0
1,2005,301,1830,20.9,93.8,9.66,0,-6999,681.4,-6999,-6999,-.037,0,0,0,0
2,2005,301,1830,0
2,2005,301,1840,0
2,2005,301,1850,0
1,2005,301,1900,20.68,96,.312,9.42,-6999,681.7,-6999,-6999,-.037,0,0,0,0
2,2005,301,1900,0
2,2005,301,1910,0
2,2005,301,1920,0
1,2005,301,1930,20.82,94.7,.007,0,-6999,681.8,-6999,-6999,-.037,0,0,0,0
2,2005,301,1930,0
2,2005,301,1940,0
2,2005,301,1950,0
1,2005,301,2000,20.65,93.7,.024,0,-6999,682.2,-6999,-6999,-.037,0,0,0,0
2,2005,301,2000,0
2,2005,301,2010,0
2,2005,301,2020,0
1,2005,301,2030,20.21,96.4,.011,0,-6999,682.7,-6999,-6999,-.037,0,0,0,0
2,2005,301,2030,0
2,2005,301,2040,0
2,2005,301,2050,0
1,2005,301,2100,20.04,97.8,0,0,-6999,683.1,-6999,-6999,-.037,0,0,0,0
2,2005,301,2100,0
2,2005,301,2110,0
2,2005,301,2120,0
1,2005,301,2130,20.04,98.1,.002,0,-6999,683.1,-6999,-6999,-.037,0,0,0,0
2,2005,301,2130,0
2,2005,301,2140,0
2,2005,301,2150,0
1,2005,301,2200,19.94,97.7,.006,0,-6999,682.9,-6999,-6999,-.037,0,0,0,0
2,2005,301,2200,0
2,2005,301,2210,0
2,2005,301,2220,0
1,2005,301,2230,20.21,92.2,0,0,-6999,682.7,-6999,-6999,-.037,0,0,0,0
2,2005,301,2230,0
2,2005,301,2240,0
2,2005,301,2250,0
1,2005,301,2300,20.37,92.6,0,0,-6999,682.8,-6999,-6999,-.037,0,0,0,0
2,2005,301,2300,0
2,2005,301,2310,0
2,2005,301,2320,0
1,2005,301,2330,20.17,95.1,0,0,-6999,682.7,-6999,-6999,-.037,0,0,0,0
2,2005,301,2330,0
2,2005,301,2340,0
2,2005,301,2350,0
1,2005,301,2400,19.99,97,0,0,-6999,682.5,-6999,-6999,-.037,0,0,0,0
2,2005,301,2400,0
3,2005,301,2400,31.75,19.83,23.5,98.5,2112,42.25,1344,79.3,-6999,0,-6999,0,-6999,4.3
2,2005,302,10,0
2,2005,302,20,0
1,2005,302,30,19.79,97.4,0,0,-6999,682.2,-6999,-6999,-.037,0,0,0,0
2,2005,302,30,0
2,2005,302,40,0
2,2005,302,50,0
1,2005,302,100,19.72,96.9,0,0,-6999,682,-6999,-6999,-.037,0,0,0,0
2,2005,302,100,0
2,2005,302,110,0
2,2005,302,120,0
1,2005,302,130,19.63,98.2,0,0,-6999,681.8,-6999,-6999,-.037,0,0,0,0
2,2005,302,130,0
2,2005,302,140,0
2,2005,302,150,0
1,2005,302,200,19.59,99.6,0,0,-6999,681.7,-6999,-6999,-.037,0,0,0,0
2,2005,302,200,0
2,2005,302,210,0
2,2005,302,220,0
1,2005,302,230,19.55,99.4,.001,0,-6999,681.5,-6999,-6999,-.037,0,0,0,0
2,2005,302,230,0
2,2005,302,240,0
2,2005,302,250,0
1,2005,302,300,19.71,97.1,0,0,-6999,681.4,-6999,-6999,-.037,0,0,0,0
2,2005,302,300,0
2,2005,302,310,0
2,2005,302,320,0
1,2005,302,330,19.92,94.8,0,0,-6999,681.4,-6999,-6999,-.037,0,0,0,0
2,2005,302,330,0
2,2005,302,340,0
2,2005,302,350,0
1,2005,302,400,19.94,93.4,0,0,-6999,681.2,-6999,-6999,-.037,0,0,0,0
2,2005,302,400,0
2,2005,302,410,0
2,2005,302,420,0
1,2005,302,430,19.81,94.3,0,0,-6999,681.4,-6999,-6999,-.037,0,0,0,0
2,2005,302,430,0
2,2005,302,440,0
2,2005,302,450,0
1,2005,302,500,19.73,95.1,0,0,-6999,681.6,-6999,-6999,-.037,0,0,0,0
2,2005,302,500,0
2,2005,302,510,0
2,2005,302,520,0
1,2005,302,530,20.2,91.6,0,0,-6999,681.9,-6999,-6999,-.037,0,0,0,0
2,2005,302,530,0
2,2005,302,540,0
2,2005,302,550,0
1,2005,302,600,20.28,92.2,.247,0,-6999,682.9,-6999,-6999,-.037,0,0,0,0
2,2005,302,600,0
2,2005,302,610,0
2,2005,302,620,0
1,2005,302,630,19.75,97.4,2.924,0,-6999,683.3,-6999,-6999,-.037,0,0,0,0
2,2005,302,630,.4
2,2005,302,640,.3
2,2005,302,650,4.2
1,2005,302,700,19.08,100.3,2.796,0,-6999,683.9,-6999,-6999,-.037,0,0,0,0
2,2005,302,700,3.2
2,2005,302,710,.7
2,2005,302,720,3.4
1,2005,302,730,18.4,101.4,7.85,0,-6999,684.1,-6999,-6999,-.037,0,0,0,0
2,2005,302,730,.8
2,2005,302,740,.9
2,2005,302,750,1.2
1,2005,302,800,18.26,101.8,14.76,0,-6999,684,-6999,-6999,-.037,0,0,0,0
2,2005,302,800,.3
2,2005,302,810,.7
2,2005,302,820,1.2
1,2005,302,830,18.16,101.8,17.75,0,-6999,684.1,-6999,-6999,-.037,0,0,0,0
2,2005,302,830,.4
2,2005,302,840,.7
2,2005,302,850,.6
1,2005,302,900,18.11,101.8,17.46,0,-6999,684,-6999,-6999,-.037,0,0,0,0
2,2005,302,900,.3
2,2005,302,910,.4
2,2005,302,920,.5
1,2005,302,930,17.94,101.8,46.63,0,-6999,684.3,-6999,-6999,-.037,0,0,0,0
2,2005,302,930,.3
2,2005,302,940,.2
2,2005,302,950,.2
1,2005,302,1000,18.12,101.8,73.6,0,-6999,684.5,-6999,-6999,-.037,0,0,0,0
2,2005,302,1000,.1
2,2005,302,1010,.1
2,2005,302,1020,0
1,2005,302,1030,18.23,101.9,101.9,0,-6999,684.3,-6999,-6999,-.037,0,0,0,0
2,2005,302,1030,.1
2,2005,302,1040,.1
2,2005,302,1050,.3
1,2005,302,1100,18.48,101.8,140.5,0,-6999,684.1,-6999,-6999,-.037,0,0,0,0
2,2005,302,1100,0
2,2005,302,1110,0
2,2005,302,1120,0
1,2005,302,1130,18.61,101.5,159.9,0,-6999,683.9,-6999,-6999,-.037,0,0,0,0
2,2005,302,1130,0
2,2005,302,1140,0
2,2005,302,1150,0
1,2005,302,1200,19.35,99.2,179.1,0,-6999,684.1,-6999,-6999,-.037,0,0,0,0
2,2005,302,1200,0
2,2005,302,1210,0
2,2005,302,1220,0
1,2005,302,1230,19.74,98,254,0,-6999,684,-6999,-6999,-.037,0,0,0,0
2,2005,302,1230,0
2,2005,302,1240,0
2,2005,302,1250,0
1,2005,302,1300,20.6,94.5,497,0,-6999,683.6,-6999,-6999,-.037,0,0,0,0
2,2005,302,1300,0
2,2005,302,1310,0
2,2005,302,1320,0
1,2005,302,1330,22.19,83.1,720,0,-6999,683.4,-6999,-6999,-.037,0,0,0,0
2,2005,302,1330,0
2,2005,302,1340,0
2,2005,302,1350,0
1,2005,302,1400,22.36,79,392.5,0,-6999,683.1,-6999,-6999,-.037,0,0,0,0
2,2005,302,1400,0
2,2005,302,1410,0
2,2005,302,1420,0
1,2005,302,1430,22.94,78.5,615.5,0,-6999,682.8,-6999,-6999,-.037,0,0,0,0
2,2005,302,1430,0
2,2005,302,1440,0
2,2005,302,1450,0
1,2005,302,1500,23.51,75.1,543.8,0,-6999,682.4,-6999,-6999,-.037,0,0,0,0
2,2005,302,1500,0
2,2005,302,1510,0
2,2005,302,1520,0
1,2005,302,1530,22.96,76.6,317.9,0,-6999,682.3,-6999,-6999,-.037,0,0,0,0
2,2005,302,1530,0
2,2005,302,1540,0
2,2005,302,1550,0
1,2005,302,1600,22.59,77,180.2,0,-6999,682.5,-6999,-6999,-.037,0,0,0,0
2,2005,302,1600,0
2,2005,302,1610,0
2,2005,302,1620,0
1,2005,302,1630,22.81,76.1,142.4,0,-6999,682.4,-6999,-6999,-.037,0,0,0,0
2,2005,302,1630,0
2,2005,302,1640,0
2,2005,302,1650,0
1,2005,302,1700,22.1,81.1,32.76,0,-6999,682.7,-6999,-6999,-.037,0,0,0,0
2,2005,302,1700,0
2,2005,302,1710,0
2,2005,302,1720,0
1,2005,302,1730,21.58,84.8,22.66,0,-6999,682.6,-6999,-6999,-.037,0,0,0,0
2,2005,302,1730,0
2,2005,302,1740,0
2,2005,302,1750,0
1,2005,302,1800,21.34,87.8,22.34,0,-6999,682.7,-6999,-6999,-.037,0,0,0,0
2,2005,302,1800,0
2,2005,302,1810,0
2,2005,302,1820,0
1,2005,302,1830,20.97,91.8,2.012,0,-6999,683,-6999,-6999,-.037,0,0,0,0
2,2005,302,1830,0
2,2005,302,1840,0
2,2005,302,1850,0
1,2005,302,1900,20.72,93.1,.047,0,-6999,683.3,-6999,-6999,-.037,0,0,0,0
2,2005,302,1900,0
2,2005,302,1910,0
2,2005,302,1920,0
1,2005,302,1930,20.64,93.7,0,0,-6999,683.3,-6999,-6999,-.037,0,0,0,0
2,2005,302,1930,0
2,2005,302,1940,0
2,2005,302,1950,0
1,2005,302,2000,20.6,95,0,0,-6999,683.4,-6999,-6999,-.037,0,0,0,0
2,2005,302,2000,0
2,2005,302,2010,0
2,2005,302,2020,0
1,2005,302,2030,20.46,96.7,0,0,-6999,683.6,-6999,-6999,-.037,0,0,0,0
2,2005,302,2030,0
2,2005,302,2040,0
2,2005,302,2050,0
1,2005,302,2100,20.37,97.4,0,0,-6999,684,-6999,-6999,-.037,0,0,0,0
2,2005,302,2100,0
2,2005,302,2110,0
2,2005,302,2120,0
1,2005,302,2130,19.96,98,0,0,-6999,684.3,-6999,-6999,-.037,0,0,0,0
2,2005,302,2130,0
2,2005,302,2140,0
2,2005,302,2150,0
1,2005,302,2200,19.55,98.9,0,0,-6999,684.6,-6999,-6999,-.037,0,0,0,0
2,2005,302,2200,0
2,2005,302,2210,0
2,2005,302,2220,0
1,2005,302,2230,19.41,99.5,0,0,-6999,684.8,-6999,-6999,-.037,0,0,0,0
2,2005,302,2230,0
2,2005,302,2240,0
2,2005,302,2250,0
1,2005,302,2300,18.52,100.2,0,0,-6999,685.1,-6999,-6999,-.037,0,0,0,0
2,2005,302,2300,0
2,2005,302,2310,0
2,2005,302,2320,0
1,2005,302,2330,17.79,101.6,0,0,-6999,685,-6999,-6999,-.037,0,0,0,0
2,2005,302,2330,0
2,2005,302,2340,0
2,2005,302,2350,0
1,2005,302,2400,17.66,101.8,0,0,-6999,684.8,-6999,-6999,-.037,0,0,0,0
2,2005,302,2400,0
3,2005,302,2400,24.41,17.52,20.04,102,932,71.3,1445,94.2,-6999,0,-6999,0,-6999,21.6
2,2005,303,10,0
2,2005,303,20,0
1,2005,303,30,17.54,101.7,0,0,-6999,684.6,-6999,-6999,-.037,0,0,0,0
2,2005,303,30,0
2,2005,303,40,0
2,2005,303,50,0
1,2005,303,100,17.32,101.6,0,0,-6999,684.4,-6999,-6999,-.037,0,0,0,0
2,2005,303,100,0
2,2005,303,110,0
2,2005,303,120,0
1,2005,303,130,17.22,101.2,0,0,-6999,684.3,-6999,-6999,-.037,0,0,0,0
2,2005,303,130,0
2,2005,303,140,0
2,2005,303,150,0
1,2005,303,200,17.08,100.6,0,0,-6999,684.1,-6999,-6999,-.037,0,0,0,0
2,2005,303,200,0
2,2005,303,210,0
2,2005,303,220,0
1,2005,303,230,16.87,100.4,0,0,-6999,684,-6999,-6999,-.037,0,0,0,0
2,2005,303,230,0
2,2005,303,240,0
2,2005,303,250,0
1,2005,303,300,16.66,100.6,0,0,-6999,683.8,-6999,-6999,-.037,0,0,0,0
2,2005,303,300,0
2,2005,303,310,0
2,2005,303,320,0
1,2005,303,330,16.33,100.7,0,0,-6999,683.8,-6999,-6999,-.037,0,0,0,0
2,2005,303,330,0
2,2005,303,340,0
2,2005,303,350,0
1,2005,303,400,16.05,100.4,0,0,-6999,683.7,-6999,-6999,-.037,0,0,0,0
2,2005,303,400,0
2,2005,303,410,0
2,2005,303,420,0
1,2005,303,430,15.94,100.3,0,0,-6999,683.9,-6999,-6999,-.037,0,0,0,0
2,2005,303,430,0
2,2005,303,440,0
2,2005,303,450,0
1,2005,303,500,15.84,100.1,0,0,-6999,684.1,-6999,-6999,-.037,0,0,0,0
2,2005,303,500,0
2,2005,303,510,0
2,2005,303,520,0
1,2005,303,530,15.81,99.9,0,0,-6999,684.4,-6999,-6999,-.037,0,0,0,0
2,2005,303,530,0
2,2005,303,540,0
2,2005,303,550,0
1,2005,303,600,15.8,99.9,2.236,0,-6999,684.6,-6999,-6999,-.037,0,0,0,0
2,2005,303,600,0
2,2005,303,610,0
2,2005,303,620,0
1,2005,303,630,15.87,99.7,32.73,0,-6999,684.9,-6999,-6999,-.037,0,0,0,0
2,2005,303,630,0
2,2005,303,640,0
2,2005,303,650,0
1,2005,303,700,16.15,98.7,78.5,0,-6999,685,-6999,-6999,-.037,0,0,0,0
2,2005,303,700,0
2,2005,303,710,0
2,2005,303,720,0
1,2005,303,730,16.56,97.5,142.5,0,-6999,685.2,-6999,-6999,-.037,0,0,0,0
2,2005,303,730,0
2,2005,303,740,0
2,2005,303,750,0
1,2005,303,800,17.02,95.3,165.6,0,-6999,685.3,-6999,-6999,-.037,0,0,0,0
2,2005,303,800,0
2,2005,303,810,0
2,2005,303,820,0
1,2005,303,830,17.7,92.5,266,0,-6999,685.4,-6999,-6999,-.037,0,0,0,0
2,2005,303,830,0
2,2005,303,840,0
2,2005,303,850,0
1,2005,303,900,18.04,90.7,238.9,0,-6999,685.5,-6999,-6999,-.037,0,0,0,0
2,2005,303,900,0
2,2005,303,910,0
2,2005,303,920,0
1,2005,303,930,18.43,89.4,250.4,0,-6999,685.5,-6999,-6999,-.037,0,0,0,0
2,2005,303,930,0
2,2005,303,940,0
2,2005,303,950,0
1,2005,303,1000,18.8,88.5,205.2,0,-6999,685.6,-6999,-6999,-.037,0,0,0,0
2,2005,303,1000,0
2,2005,303,1010,0
2,2005,303,1020,0
1,2005,303,1030,18.68,89.6,187.1,0,-6999,685.6,-6999,-6999,-.037,0,0,0,0
2,2005,303,1030,0
2,2005,303,1040,0
2,2005,303,1050,0
1,2005,303,1100,19.2,88,239.9,0,-6999,685.5,-6999,-6999,-.037,0,0,0,0
2,2005,303,1100,0
2,2005,303,1110,0
2,2005,303,1120,0
1,2005,303,1130,19.31,87.9,258.6,0,-6999,685.5,-6999,-6999,-.037,0,0,0,0
2,2005,303,1130,0
2,2005,303,1140,0
2,2005,303,1150,0
1,2005,303,1200,19.32,87.9,215.3,0,-6999,685.5,-6999,-6999,-.037,0,0,0,0
2,2005,303,1200,0
2,2005,303,1210,0
2,2005,303,1220,0
1,2005,303,1230,19.49,87.2,179.6,0,-6999,685.5,-6999,-6999,-.037,0,0,0,0
2,2005,303,1230,0
2,2005,303,1240,0
2,2005,303,1250,0
1,2005,303,1300,19.57,87.8,176.2,0,-6999,685.5,-6999,-6999,-.037,0,0,0,0
2,2005,303,1300,0
2,2005,303,1310,0
2,2005,303,1320,0
1,2005,303,1330,19.57,90.8,164.5,0,-6999,685.4,-6999,-6999,-.037,0,0,0,0
2,2005,303,1330,0
2,2005,303,1340,0
2,2005,303,1350,0
1,2005,303,1400,19.37,92.4,105.4,0,-6999,685.3,-6999,-6999,-.037,0,0,0,0
2,2005,303,1400,0
2,2005,303,1410,2.1
2,2005,303,1420,.3
1,2005,303,1430,18.97,96.9,124.5,0,-6999,685.1,-6999,-6999,-.037,0,0,0,0
2,2005,303,1430,0
2,2005,303,1440,0
2,2005,303,1450,0
1,2005,303,1500,19.13,98.8,231.4,0,-6999,684.8,-6999,-6999,-.037,0,0,0,0
2,2005,303,1500,0
2,2005,303,1510,0
2,2005,303,1520,0
1,2005,303,1530,20.22,94.8,391.6,0,-6999,684.4,-6999,-6999,-.037,0,0,0,0
2,2005,303,1530,0
2,2005,303,1540,0
2,2005,303,1550,0
1,2005,303,1600,21.21,88.4,352.6,0,-6999,684.1,-6999,-6999,-.037,0,0,0,0
2,2005,303,1600,0
2,2005,303,1610,0
2,2005,303,1620,0
1,2005,303,1630,21.71,84.2,343.5,0,-6999,683.8,-6999,-6999,-.037,0,0,0,0
2,2005,303,1630,0
2,2005,303,1640,0
2,2005,303,1650,0
1,2005,303,1700,22.21,79.6,320.9,0,-6999,683.6,-6999,-6999,-.037,0,0,0,0
2,2005,303,1700,0
2,2005,303,1710,0
2,2005,303,1720,0
1,2005,303,1730,21.18,84,66.27,0,-6999,683.7,-6999,-6999,-.037,0,0,0,0
2,2005,303,1730,0
2,2005,303,1740,0
2,2005,303,1750,0
1,2005,303,1800,20.96,85.1,76.1,0,-6999,683.8,-6999,-6999,-.037,0,0,0,0
2,2005,303,1800,0
2,2005,303,1810,0
2,2005,303,1820,0
1,2005,303,1830,20.68,86,25.19,0,-6999,683.9,-6999,-6999,-.037,0,0,0,0
2,2005,303,1830,0
2,2005,303,1840,0
2,2005,303,1850,0
1,2005,303,1900,20.28,87,.831,0,-6999,684,-6999,-6999,-.037,0,0,0,0
2,2005,303,1900,0
2,2005,303,1910,0
2,2005,303,1920,0
1,2005,303,1930,20.03,88.9,0,0,-6999,684.2,-6999,-6999,-.037,0,0,0,0
2,2005,303,1930,0
2,2005,303,1940,0
2,2005,303,1950,0
1,2005,303,2000,19.58,91.1,0,0,-6999,684.4,-6999,-6999,-.037,0,0,0,0
2,2005,303,2000,0
2,2005,303,2010,0
2,2005,303,2020,0
1,2005,303,2030,19.17,92.2,0,0,-6999,684.5,-6999,-6999,-.037,0,0,0,0
2,2005,303,2030,0
2,2005,303,2040,0
2,2005,303,2050,0
1,2005,303,2100,18.77,93.2,0,0,-6999,684.7,-6999,-6999,-.037,0,0,0,0
2,2005,303,2100,0
2,2005,303,2110,0
2,2005,303,2120,0
1,2005,303,2130,18.37,94.6,0,0,-6999,684.8,-6999,-6999,-.037,0,0,0,0
2,2005,303,2130,0
2,2005,303,2140,0
2,2005,303,2150,0
1,2005,303,2200,18.08,95.6,0,0,-6999,684.9,-6999,-6999,-.037,0,0,0,0
2,2005,303,2200,0
2,2005,303,2210,0
2,2005,303,2220,0
1,2005,303,2230,17.88,96.7,0,0,-6999,685,-6999,-6999,-.037,0,0,0,0
2,2005,303,2230,0
2,2005,303,2240,0
2,2005,303,2250,0
1,2005,303,2300,17.77,97.2,0,0,-6999,685,-6999,-6999,-.037,0,0,0,0
2,2005,303,2300,0
2,2005,303,2310,0
2,2005,303,2320,0
1,2005,303,2330,17.55,98,0,0,-6999,684.9,-6999,-6999,-.037,0,0,0,0
2,2005,303,2330,0
2,2005,303,2340,0
2,2005,303,2350,0
1,2005,303,2400,17.44,98.6,0,0,-6999,684.7,-6999,-6999,-.037,0,0,0,0
2,2005,303,2400,0
3,2005,303,2400,22.43,15.71,18.39,101.8,0,77.9,1650,93.8,-6999,0,-6999,0,-6999,2.4
2,2005,304,10,0
2,2005,304,20,0
1,2005,304,30,17.58,98.3,0,0,-6999,684.6,-6999,-6999,-.037,0,0,0,0
2,2005,304,30,0
2,2005,304,40,0
2,2005,304,50,0
1,2005,304,100,17.7,98,0,0,-6999,684.5,-6999,-6999,-.037,0,0,0,0
2,2005,304,100,0
2,2005,304,110,0
2,2005,304,120,0
1,2005,304,130,17.68,99,0,0,-6999,684.2,-6999,-6999,-.037,0,0,0,0
2,2005,304,130,0
2,2005,304,140,0
2,2005,304,150,0
1,2005,304,200,17.81,98.9,0,0,-6999,684,-6999,-6999,-.037,0,0,0,0
2,2005,304,200,0
2,2005,304,210,0
2,2005,304,220,0
1,2005,304,230,17.9,98.5,0,0,-6999,683.8,-6999,-6999,-.037,0,0,0,0
2,2005,304,230,0
2,2005,304,240,0
2,2005,304,250,0
1,2005,304,300,17.94,98.3,.002,0,-6999,683.9,-6999,-6999,-.037,0,0,0,0
2,2005,304,300,0
2,2005,304,310,0
2,2005,304,320,0
1,2005,304,330,17.9,98.3,0,0,-6999,683.5,-6999,-6999,-.037,0,0,0,0
2,2005,304,330,0
2,2005,304,340,0
2,2005,304,350,0
1,2005,304,400,17.25,99.9,.002,0,-6999,683.5,-6999,-6999,-.037,0,0,0,0
2,2005,304,400,0
2,2005,304,410,0
2,2005,304,420,0
1,2005,304,430,16.56,101.1,0,0,-6999,683.7,-6999,-6999,-.037,0,0,0,0
2,2005,304,430,0
2,2005,304,440,0
2,2005,304,450,0
1,2005,304,500,16.26,101.7,0,0,-6999,684,-6999,-6999,-.037,0,0,0,0
2,2005,304,500,0
2,2005,304,510,0
2,2005,304,520,0
1,2005,304,530,16.16,101.8,0,0,-6999,684.3,-6999,-6999,-.037,0,0,0,0
2,2005,304,530,0
2,2005,304,540,.2
2,2005,304,550,.2
1,2005,304,600,16.12,101.9,1.066,0,-6999,684.5,-6999,-6999,-.037,0,0,0,0
2,2005,304,600,.2
2,2005,304,610,.1
2,2005,304,620,.1
1,2005,304,630,16.09,102,7.85,0,-6999,684.7,-6999,-6999,-.037,0,0,0,0
2,2005,304,630,.2
2,2005,304,640,0
2,2005,304,650,0
1,2005,304,700,16.07,102,6.799,0,-6999,685.2,-6999,-6999,-.037,0,0,0,0
2,2005,304,700,.1
2,2005,304,710,0
2,2005,304,720,0
1,2005,304,730,15.79,102.1,17.25,0,-6999,685.4,-6999,-6999,-.037,0,0,0,0
2,2005,304,730,0
2,2005,304,740,.4
2,2005,304,750,.4
1,2005,304,800,15.88,102.1,45.3,0,-6999,685.5,-6999,-6999,-.037,0,0,0,0
2,2005,304,800,.2
2,2005,304,810,0
2,2005,304,820,0
1,2005,304,830,16.83,102.1,171,0,-6999,685.4,-6999,-6999,-.037,0,0,0,0
2,2005,304,830,0
2,2005,304,840,0
2,2005,304,850,0
1,2005,304,900,17.95,102,211.1,0,-6999,685.3,-6999,-6999,-.037,0,0,0,0
2,2005,304,900,0
2,2005,304,910,0
2,2005,304,920,0
1,2005,304,930,19.63,96.5,372.6,0,-6999,685.2,-6999,-6999,-.037,0,0,0,0
2,2005,304,930,0
2,2005,304,940,0
2,2005,304,950,0
1,2005,304,1000,21.18,84,582.3,0,-6999,685.5,-6999,-6999,-.037,0,0,0,0
2,2005,304,1000,0
2,2005,304,1010,0
2,2005,304,1020,0
1,2005,304,1030,23.24,72.1,760,0,-6999,685.4,-6999,-6999,-.037,0,0,0,0
2,2005,304,1030,0
2,2005,304,1040,0
2,2005,304,1050,0
1,2005,304,1100,23.67,69.89,771,0,-6999,685.4,-6999,-6999,-.037,0,0,0,0
2,2005,304,1100,0
2,2005,304,1110,0
2,2005,304,1120,0
1,2005,304,1130,24.41,61.57,837,0,-6999,685.4,-6999,-6999,-.037,0,0,0,0
2,2005,304,1130,0
2,2005,304,1140,0
2,2005,304,1150,0
1,2005,304,1200,24.73,61.49,697.8,0,-6999,685.3,-6999,-6999,-.037,0,0,0,0
2,2005,304,1200,0
2,2005,304,1210,0
2,2005,304,1220,0
1,2005,304,1230,24.58,63.56,634.7,0,-6999,685.2,-6999,-6999,-.037,0,0,0,0
2,2005,304,1230,0
2,2005,304,1240,0
2,2005,304,1250,0
1,2005,304,1300,24.87,61.4,676.8,0,-6999,685.1,-6999,-6999,-.037,0,0,0,0
2,2005,304,1300,0
2,2005,304,1310,0
2,2005,304,1320,0
1,2005,304,1330,25.68,59.63,920,0,-6999,684.9,-6999,-6999,-.037,0,0,0,0
2,2005,304,1330,0
2,2005,304,1340,0
2,2005,304,1350,0
1,2005,304,1400,24.99,61.41,409.5,0,-6999,684.7,-6999,-6999,-.037,0,0,0,0
2,2005,304,1400,0
2,2005,304,1410,0
2,2005,304,1420,0
1,2005,304,1430,24.93,65.83,495.7,0,-6999,684.5,-6999,-6999,-.037,0,0,0,0
2,2005,304,1430,0
2,2005,304,1440,0
2,2005,304,1450,0
1,2005,304,1500,24.52,67.97,452.6,0,-6999,684.4,-6999,-6999,-.037,0,0,0,0
2,2005,304,1500,0
2,2005,304,1510,0
2,2005,304,1520,0
1,2005,304,1530,24.71,66.33,612.6,0,-6999,684.2,-6999,-6999,-.037,0,0,0,0
2,2005,304,1530,0
2,2005,304,1540,0
2,2005,304,1550,0
1,2005,304,1600,24.64,65.11,546.2,0,-6999,684.1,-6999,-6999,-.037,0,0,0,0
2,2005,304,1600,0
2,2005,304,1610,0
2,2005,304,1620,0
1,2005,304,1630,24.38,64.51,434.6,0,-6999,684.1,-6999,-6999,-.037,0,0,0,0
2,2005,304,1630,0
2,2005,304,1640,0
2,2005,304,1650,0
1,2005,304,1700,23.74,66.08,340.7,0,-6999,684.1,-6999,-6999,-.037,0,0,0,0
2,2005,304,1700,0
2,2005,304,1710,0
2,2005,304,1720,0
1,2005,304,1730,22.86,67.96,219,0,-6999,684.3,-6999,-6999,-.037,0,0,0,0
2,2005,304,1730,0
2,2005,304,1740,0
2,2005,304,1750,0
1,2005,304,1800,21.69,71.4,110.9,3.038,-6999,684.4,-6999,-6999,-.037,0,0,0,0
2,2005,304,1800,0
2,2005,304,1810,0
2,2005,304,1820,0
1,2005,304,1830,20.47,75,38.14,907,-6999,684.6,-6999,-6999,-.037,0,0,0,0
2,2005,304,1830,0
2,2005,304,1840,0
2,2005,304,1850,0
1,2005,304,1900,19.42,78.4,2.094,390.3,-6999,684.9,-6999,-6999,-.037,0,0,0,0
2,2005,304,1900,0
2,2005,304,1910,0
2,2005,304,1920,0
1,2005,304,1930,18.77,80.3,0,0,-6999,685.1,-6999,-6999,-.037,0,0,0,0
2,2005,304,1930,0
2,2005,304,1940,0
2,2005,304,1950,0
1,2005,304,2000,18.28,84.9,0,0,-6999,685.5,-6999,-6999,-.037,0,0,0,0
2,2005,304,2000,0
2,2005,304,2010,0
2,2005,304,2020,0
1,2005,304,2030,17.86,90.9,0,0,-6999,685.8,-6999,-6999,-.037,0,0,0,0
2,2005,304,2030,0
2,2005,304,2040,0
2,2005,304,2050,0
1,2005,304,2100,17.42,94.2,0,0,-6999,686.1,-6999,-6999,-.037,0,0,0,0
2,2005,304,2100,0
2,2005,304,2110,0
2,2005,304,2120,0
1,2005,304,2130,17.16,95.5,0,770,-6999,686.5,-6999,-6999,-.037,0,0,0,0
2,2005,304,2130,0
2,2005,304,2140,0
2,2005,304,2150,0
1,2005,304,2200,16.97,96,0,0,-6999,686.9,-6999,-6999,-.037,0,0,0,0
2,2005,304,2200,0
2,2005,304,2210,0
2,2005,304,2220,0
1,2005,304,2230,16.7,95.2,0,0,-6999,687.1,-6999,-6999,-.037,0,0,0,0
2,2005,304,2230,0
2,2005,304,2240,0
2,2005,304,2250,0
1,2005,304,2300,16.37,94.8,0,0,-6999,687.1,-6999,-6999,-.037,0,0,0,0
2,2005,304,2300,0
2,2005,304,2310,0
2,2005,304,2320,0
1,2005,304,2330,15.91,96.1,0,0,-6999,687,-6999,-6999,-.037,0,0,0,0
2,2005,304,2330,0
2,2005,304,2340,0
2,2005,304,2350,0
1,2005,304,2400,15.53,96.4,0,0,-6999,686.8,-6999,-6999,-.037,0,0,0,0
2,2005,304,2400,0
3,2005,304,2400,26.06,15.31,19.68,102.2,709,54.32,1322,85.7,-6999,0,-6999,0,-6999,2.1
2,2005,305,10,0
2,2005,305,20,0
1,2005,305,30,15.25,96.6,0,0,-6999,686.6,-6999,-6999,-.037,0,0,0,0
2,2005,305,30,0
2,2005,305,40,0
2,2005,305,50,0
1,2005,305,100,15.04,96.8,0,0,-6999,686.4,-6999,-6999,-.037,0,0,0,0
2,2005,305,100,0
2,2005,305,110,0
2,2005,305,120,0
1,2005,305,130,14.79,97.7,0,0,-6999,686.3,-6999,-6999,-.037,0,0,0,0
2,2005,305,130,0
2,2005,305,140,0
2,2005,305,150,0
1,2005,305,200,14.63,98.3,0,0,-6999,686.1,-6999,-6999,-.037,0,0,0,0
2,2005,305,200,0
2,2005,305,210,0
2,2005,305,220,0
1,2005,305,230,14.48,98.8,0,0,-6999,685.9,-6999,-6999,-.037,0,0,0,0
2,2005,305,230,0
2,2005,305,240,0
2,2005,305,250,0
1,2005,305,300,14.38,99.1,0,0,-6999,685.9,-6999,-6999,-.037,0,0,0,0
2,2005,305,300,0
2,2005,305,310,0
2,2005,305,320,0
1,2005,305,330,14.34,99.1,0,0,-6999,685.9,-6999,-6999,-.037,0,0,0,0
2,2005,305,330,0
2,2005,305,340,0
2,2005,305,350,0
1,2005,305,400,14.36,98.9,0,0,-6999,686,-6999,-6999,-.037,0,0,0,0
2,2005,305,400,0
2,2005,305,410,0
2,2005,305,420,0
1,2005,305,430,14.27,98.6,0,0,-6999,685.9,-6999,-6999,-.037,0,0,0,0
2,2005,305,430,0
2,2005,305,440,0
2,2005,305,450,0
1,2005,305,500,14.21,98.7,0,0,-6999,686.1,-6999,-6999,-.037,0,0,0,0
2,2005,305,500,0
2,2005,305,510,0
2,2005,305,520,0
1,2005,305,530,14.23,99,.009,0,-6999,686.3,-6999,-6999,-.037,0,0,0,0
2,2005,305,530,0
2,2005,305,540,0
2,2005,305,550,0
1,2005,305,600,14.32,99,5.911,0,-6999,686.5,-6999,-6999,-.037,0,0,0,0
2,2005,305,600,0
2,2005,305,610,0
2,2005,305,620,0
1,2005,305,630,14.43,98.9,37.96,0,-6999,686.7,-6999,-6999,-.037,0,0,0,0
2,2005,305,630,0
2,2005,305,640,0
2,2005,305,650,0
1,2005,305,700,14.73,98.4,92.1,0,-6999,687.1,-6999,-6999,-.037,0,0,0,0
2,2005,305,700,0
2,2005,305,710,0
2,2005,305,720,0
1,2005,305,730,15.19,97.3,174.9,0,-6999,687.3,-6999,-6999,-.037,0,0,0,0
2,2005,305,730,0
2,2005,305,740,0
2,2005,305,750,0
1,2005,305,800,15.85,94.8,225.7,0,-6999,687.5,-6999,-6999,-.037,0,0,0,0
2,2005,305,800,0
2,2005,305,810,0
2,2005,305,820,0
1,2005,305,830,16.89,90.2,344.3,0,-6999,687.5,-6999,-6999,-.037,0,0,0,0
2,2005,305,830,0
2,2005,305,840,0
2,2005,305,850,0
1,2005,305,900,17.72,86.3,376.6,0,-6999,687.8,-6999,-6999,-.037,0,0,0,0
2,2005,305,900,0
2,2005,305,910,0
2,2005,305,920,0
1,2005,305,930,18.93,81.5,453.7,0,-6999,688,-6999,-6999,-.037,0,0,0,0
2,2005,305,930,0
2,2005,305,940,0
2,2005,305,950,0
1,2005,305,1000,20.45,75,767,0,-6999,687.9,-6999,-6999,-.037,0,0,0,0
2,2005,305,1000,0
2,2005,305,1010,0
2,2005,305,1020,0
1,2005,305,1030,21.58,69.73,847,0,-6999,687.8,-6999,-6999,-.037,0,0,0,0
2,2005,305,1030,0
2,2005,305,1040,0
2,2005,305,1050,0
1,2005,305,1100,22.37,66.17,696.4,0,-6999,687.7,-6999,-6999,-.037,0,0,0,0
2,2005,305,1100,0
2,2005,305,1110,0
2,2005,305,1120,0
1,2005,305,1130,23.14,65.31,865,0,-6999,687.6,-6999,-6999,-.037,0,0,0,0
2,2005,305,1130,0
2,2005,305,1140,0
2,2005,305,1150,0
1,2005,305,1200,23.48,63.36,864,0,-6999,687.7,-6999,-6999,-.037,0,0,0,0
2,2005,305,1200,0
2,2005,305,1210,0
2,2005,305,1220,0
1,2005,305,1230,24.02,62.01,861,0,-6999,687.6,-6999,-6999,-.037,0,0,0,0
2,2005,305,1230,0
2,2005,305,1240,0
2,2005,305,1250,0
1,2005,305,1300,24.58,59.39,854,0,-6999,687.3,-6999,-6999,-.037,0,0,0,0
2,2005,305,1300,0
2,2005,305,1310,0
2,2005,305,1320,0
1,2005,305,1330,24.83,57.83,791,0,-6999,687,-6999,-6999,-.037,0,0,0,0
2,2005,305,1330,0
2,2005,305,1340,0
2,2005,305,1350,0
1,2005,305,1400,25.33,56.04,558,0,-6999,686.6,-6999,-6999,-.037,0,0,0,0
2,2005,305,1400,0
2,2005,305,1410,0
2,2005,305,1420,0
1,2005,305,1430,26.11,51.87,779,0,-6999,686.1,-6999,-6999,-.037,0,0,0,0
2,2005,305,1430,0
2,2005,305,1440,0
2,2005,305,1450,0
1,2005,305,1500,25.46,52.12,480.5,0,-6999,685.8,-6999,-6999,-.037,0,0,0,0
2,2005,305,1500,0
2,2005,305,1510,0
2,2005,305,1520,0
1,2005,305,1530,24.82,55.75,309.3,0,-6999,685.6,-6999,-6999,-.037,0,0,0,0
2,2005,305,1530,0
2,2005,305,1540,0
2,2005,305,1550,0
1,2005,305,1600,24.12,59.85,284.5,0,-6999,685.4,-6999,-6999,-.037,0,0,0,0
2,2005,305,1600,0
2,2005,305,1610,0
2,2005,305,1620,0
1,2005,305,1630,23.14,65.49,239.6,0,-6999,685.4,-6999,-6999,-.037,0,0,0,0
2,2005,305,1630,0
2,2005,305,1640,0
2,2005,305,1650,0
1,2005,305,1700,22.57,67,180.3,114.2,-6999,685.5,-6999,-6999,-.037,0,0,0,0
2,2005,305,1700,0
2,2005,305,1710,0
2,2005,305,1720,0
1,2005,305,1730,22.03,67.68,153,755,-6999,685.5,-6999,-6999,-.037,0,0,0,0
2,2005,305,1730,0
2,2005,305,1740,0
2,2005,305,1750,0
1,2005,305,1800,21.24,69.95,87.6,1699,-6999,685.6,-6999,-6999,-.037,0,0,0,0
2,2005,305,1800,0
2,2005,305,1810,0
2,2005,305,1820,0
1,2005,305,1830,20.37,72.4,36.17,1793,-6999,685.8,-6999,-6999,-.037,0,0,0,0
2,2005,305,1830,0
2,2005,305,1840,0
2,2005,305,1850,0
1,2005,305,1900,19.39,75.9,3.03,0,-6999,686,-6999,-6999,-.037,0,0,0,0
2,2005,305,1900,0
2,2005,305,1910,0
2,2005,305,1920,0
1,2005,305,1930,18.55,79.4,0,0,-6999,686.1,-6999,-6999,-.037,0,0,0,0
2,2005,305,1930,0
2,2005,305,1940,0
2,2005,305,1950,0
1,2005,305,2000,17.75,82.1,0,0,-6999,686.4,-6999,-6999,-.037,0,0,0,0
2,2005,305,2000,0
2,2005,305,2010,0
2,2005,305,2020,0
1,2005,305,2030,16.81,84.7,0,0,-6999,686.6,-6999,-6999,-.037,0,0,0,0
2,2005,305,2030,0
2,2005,305,2040,0
2,2005,305,2050,0
1,2005,305,2100,16.11,87.6,0,0,-6999,686.7,-6999,-6999,-.037,0,0,0,0
2,2005,305,2100,0
2,2005,305,2110,0
2,2005,305,2120,0
1,2005,305,2130,15.52,90.8,0,0,-6999,686.8,-6999,-6999,-.037,0,0,0,0
2,2005,305,2130,0
2,2005,305,2140,0
2,2005,305,2150,0
1,2005,305,2200,15.19,92.8,0,0,-6999,687.1,-6999,-6999,-.037,0,0,0,0
2,2005,305,2200,0
2,2005,305,2210,0
2,2005,305,2220,0
1,2005,305,2230,14.96,93.8,0,1112,-6999,687.4,-6999,-6999,-.037,0,0,0,0
2,2005,305,2230,0
2,2005,305,2240,0
2,2005,305,2250,0
1,2005,305,2300,14.72,95.2,0,206.6,-6999,687.4,-6999,-6999,-.037,0,0,0,0
2,2005,305,2300,0
2,2005,305,2310,0
2,2005,305,2320,0
1,2005,305,2330,14.58,95.7,0,0,-6999,687.3,-6999,-6999,-.037,0,0,0,0
2,2005,305,2330,0
2,2005,305,2340,0
2,2005,305,2350,0
1,2005,305,2400,14.47,96.2,0,0,-6999,687.2,-6999,-6999,-.037,0,0,0,0
2,2005,305,2400,0
3,2005,305,2400,26.54,14.05,18.45,99.3,243,46.66,1421,82.1,-6999,0,-6999,0,-6999,0
2,2005,306,10,0
2,2005,306,20,0
1,2005,306,30,14.3,96.9,0,0,-6999,686.9,-6999,-6999,-.037,0,0,0,0
2,2005,306,30,0
2,2005,306,40,0
2,2005,306,50,0
1,2005,306,100,14.15,97.8,0,0,-6999,686.7,-6999,-6999,-.037,0,0,0,0
2,2005,306,100,0
2,2005,306,110,0
2,2005,306,120,0
1,2005,306,130,14.21,98.1,0,0,-6999,686.6,-6999,-6999,-.037,0,0,0,0
2,2005,306,130,0
2,2005,306,140,0
2,2005,306,150,0
1,2005,306,200,14.29,98,0,0,-6999,686.4,-6999,-6999,-.037,0,0,0,0
2,2005,306,200,0
2,2005,306,210,0
2,2005,306,220,0
1,2005,306,230,14.24,98.3,0,0,-6999,686.3,-6999,-6999,-.037,0,0,0,0
2,2005,306,230,0
2,2005,306,240,0
2,2005,306,250,0
1,2005,306,300,14.17,98.6,0,0,-6999,686.3,-6999,-6999,-.037,0,0,0,0
2,2005,306,300,0
2,2005,306,310,0
2,2005,306,320,0
1,2005,306,330,14.04,98.9,0,0,-6999,686.3,-6999,-6999,-.037,0,0,0,0
2,2005,306,330,0
2,2005,306,340,0
2,2005,306,350,0
1,2005,306,400,14,99.2,0,0,-6999,686.3,-6999,-6999,-.037,0,0,0,0
2,2005,306,400,0
2,2005,306,410,0
2,2005,306,420,0
1,2005,306,430,14.01,99.3,0,0,-6999,686.2,-6999,-6999,-.037,0,0,0,0
2,2005,306,430,0
2,2005,306,440,0
2,2005,306,450,0
1,2005,306,500,14.07,99.4,0,0,-6999,686.2,-6999,-6999,-.037,0,0,0,0
2,2005,306,500,0
2,2005,306,510,0
2,2005,306,520,0
1,2005,306,530,14.09,99.4,.003,0,-6999,686.2,-6999,-6999,-.037,0,0,0,0
2,2005,306,530,0
2,2005,306,540,0
2,2005,306,550,0
1,2005,306,600,14.04,99.6,3.341,0,-6999,686.4,-6999,-6999,-.037,0,0,0,0
2,2005,306,600,0
2,2005,306,610,0
2,2005,306,620,0
1,2005,306,630,14.01,99.9,37.37,0,-6999,686.8,-6999,-6999,-.037,0,0,0,0
2,2005,306,630,0
2,2005,306,640,0
2,2005,306,650,0
1,2005,306,700,15.01,98.9,152.7,0,-6999,687,-6999,-6999,-.037,0,0,0,0
2,2005,306,700,0
2,2005,306,710,0
2,2005,306,720,0
1,2005,306,730,17.03,92.1,252,0,-6999,687,-6999,-6999,-.037,0,0,0,0
2,2005,306,730,0
2,2005,306,740,0
2,2005,306,750,0
1,2005,306,800,19.07,83.3,352.3,0,-6999,687.2,-6999,-6999,-.037,0,0,0,0
2,2005,306,800,0
2,2005,306,810,0
2,2005,306,820,0
1,2005,306,830,20.35,77.2,449,0,-6999,687.5,-6999,-6999,-.037,0,0,0,0
2,2005,306,830,0
2,2005,306,840,0
2,2005,306,850,0
1,2005,306,900,21.28,74.1,538.1,0,-6999,687.7,-6999,-6999,-.037,0,0,0,0
2,2005,306,900,0
2,2005,306,910,0
2,2005,306,920,0
1,2005,306,930,22.49,71.1,194.8,0,-6999,687.7,-6999,-6999,-.037,0,0,0,0
2,2005,306,930,0
2,2005,306,940,0
2,2005,306,950,0
1,2005,306,1000,23.05,69.78,588.7,0,-6999,687.7,-6999,-6999,-.037,0,0,0,0
2,2005,306,1000,0
2,2005,306,1010,0
2,2005,306,1020,0
1,2005,306,1030,23.66,68.2,760,0,-6999,687.7,-6999,-6999,-.037,0,0,0,0
2,2005,306,1030,0
2,2005,306,1040,0
2,2005,306,1050,0
1,2005,306,1100,24.07,67.6,792,0,-6999,687.7,-6999,-6999,-.037,0,0,0,0
2,2005,306,1100,0
2,2005,306,1110,0
2,2005,306,1120,0
1,2005,306,1130,24.1,67.01,520.6,0,-6999,687.6,-6999,-6999,-.037,0,0,0,0
2,2005,306,1130,0
2,2005,306,1140,0
2,2005,306,1150,0
1,2005,306,1200,24.43,65.74,578.1,0,-6999,687.6,-6999,-6999,-.037,0,0,0,0
2,2005,306,1200,0
2,2005,306,1210,0
2,2005,306,1220,0
1,2005,306,1230,24.64,64.99,586.2,0,-6999,687.5,-6999,-6999,-.037,0,0,0,0
2,2005,306,1230,0
2,2005,306,1240,0
2,2005,306,1250,0
1,2005,306,1300,25.36,62.86,787,0,-6999,687.3,-6999,-6999,-.037,0,0,0,0
2,2005,306,1300,0
2,2005,306,1310,0
2,2005,306,1320,0
1,2005,306,1330,25.31,61.38,527.8,0,-6999,686.9,-6999,-6999,-.037,0,0,0,0
2,2005,306,1330,0
2,2005,306,1340,0
2,2005,306,1350,0
1,2005,306,1400,24.91,63.49,321.6,0,-6999,686.6,-6999,-6999,-.037,0,0,0,0
2,2005,306,1400,0
2,2005,306,1410,0
2,2005,306,1420,1
1,2005,306,1430,20.84,82.9,194.4,10.85,-6999,686.6,-6999,-6999,-.037,0,0,0,0
2,2005,306,1430,.8
2,2005,306,1440,0
2,2005,306,1450,0
1,2005,306,1500,20.9,89.6,618.5,129.3,-6999,686.2,-6999,-6999,-.037,0,0,0,0
2,2005,306,1500,0
2,2005,306,1510,0
2,2005,306,1520,0
1,2005,306,1530,22.14,81.6,453.9,0,-6999,686.1,-6999,-6999,-.037,0,0,0,0
2,2005,306,1530,0
2,2005,306,1540,0
2,2005,306,1550,0
1,2005,306,1600,23.03,70.4,274.6,0,-6999,686.1,-6999,-6999,-.037,0,0,0,0
2,2005,306,1600,0
2,2005,306,1610,0
2,2005,306,1620,0
1,2005,306,1630,23.35,72.7,386.1,0,-6999,686.2,-6999,-6999,-.037,0,0,0,0
2,2005,306,1630,0
2,2005,306,1640,0
2,2005,306,1650,0
1,2005,306,1700,22.84,74.5,160.7,0,-6999,686,-6999,-6999,-.037,0,0,0,0
2,2005,306,1700,0
2,2005,306,1710,0
2,2005,306,1720,0
1,2005,306,1730,22.52,74.3,183.3,0,-6999,685.7,-6999,-6999,-.037,0,0,0,0
2,2005,306,1730,0
2,2005,306,1740,0
2,2005,306,1750,0
1,2005,306,1800,22.97,70.7,187.3,0,-6999,685.9,-6999,-6999,-.037,0,0,0,0
2,2005,306,1800,0
2,2005,306,1810,0
2,2005,306,1820,0
1,2005,306,1830,22.22,76.1,55.88,0,-6999,686.2,-6999,-6999,-.037,0,0,0,0
2,2005,306,1830,0
2,2005,306,1840,0
2,2005,306,1850,0
1,2005,306,1900,21.37,79.8,3.614,92.6,-6999,686.6,-6999,-6999,-.037,0,0,0,0
2,2005,306,1900,0
2,2005,306,1910,0
2,2005,306,1920,0
1,2005,306,1930,20.38,83,0,0,-6999,686.9,-6999,-6999,-.037,0,0,0,0
2,2005,306,1930,0
2,2005,306,1940,0
2,2005,306,1950,0
1,2005,306,2000,19.58,84.8,0,0,-6999,687.1,-6999,-6999,-.037,0,0,0,0
2,2005,306,2000,0
2,2005,306,2010,0
2,2005,306,2020,0
1,2005,306,2030,19.1,87.3,0,0,-6999,687.4,-6999,-6999,-.037,0,0,0,0
2,2005,306,2030,0
2,2005,306,2040,0
2,2005,306,2050,0
1,2005,306,2100,18.77,91.3,0,0,-6999,687.5,-6999,-6999,-.037,0,0,0,0
2,2005,306,2100,0
2,2005,306,2110,0
2,2005,306,2120,0
1,2005,306,2130,18.57,93,0,829,-6999,687.6,-6999,-6999,-.037,0,0,0,0
2,2005,306,2130,0
2,2005,306,2140,0
2,2005,306,2150,0
1,2005,306,2200,18.45,94.4,0,0,-6999,687.8,-6999,-6999,-.037,0,0,0,0
2,2005,306,2200,0
2,2005,306,2210,0
2,2005,306,2220,0
1,2005,306,2230,18.04,95.9,0,0,-6999,687.9,-6999,-6999,-.037,0,0,0,0
2,2005,306,2230,0
2,2005,306,2240,0
2,2005,306,2250,0
1,2005,306,2300,17.54,97.5,0,0,-6999,687.9,-6999,-6999,-.037,0,0,0,0
2,2005,306,2300,0
2,2005,306,2310,0
2,2005,306,2320,0
1,2005,306,2330,17.22,98.9,0,0,-6999,687.7,-6999,-6999,-.037,0,0,0,0
2,2005,306,2330,0
2,2005,306,2340,0
2,2005,306,2350,0
1,2005,306,2400,16.98,99.7,0,0,-6999,687.6,-6999,-6999,-.037,0,0,0,0
2,2005,306,2400,0
3,2005,306,2400,26.25,13.84,19.27,100.3,625,57.43,1256,84.8,-6999,0,-6999,0,-6999,1.8
2,2005,307,10,0
2,2005,307,20,0
1,2005,307,30,16.78,100.2,0,0,-6999,687.3,-6999,-6999,-.037,0,0,0,0
2,2005,307,30,0
2,2005,307,40,0
2,2005,307,50,0
1,2005,307,100,16.61,100.6,0,0,-6999,687.1,-6999,-6999,-.037,0,0,0,0
2,2005,307,100,0
2,2005,307,110,0
2,2005,307,120,0
1,2005,307,130,16.35,100.6,0,0,-6999,686.9,-6999,-6999,-.037,0,0,0,0
2,2005,307,130,0
2,2005,307,140,0
2,2005,307,150,0
1,2005,307,200,16.19,101,0,0,-6999,686.7,-6999,-6999,-.037,0,0,0,0
2,2005,307,200,0
2,2005,307,210,0
2,2005,307,220,0
1,2005,307,230,16.01,101.2,0,0,-6999,686.5,-6999,-6999,-.037,0,0,0,0
2,2005,307,230,0
2,2005,307,240,0
2,2005,307,250,0
1,2005,307,300,15.75,101.3,0,0,-6999,686.4,-6999,-6999,-.037,0,0,0,0
2,2005,307,300,0
2,2005,307,310,0
2,2005,307,320,0
1,2005,307,330,15.66,101.7,0,0,-6999,686.3,-6999,-6999,-.037,0,0,0,0
2,2005,307,330,0
2,2005,307,340,0
2,2005,307,350,0
1,2005,307,400,15.48,101.8,0,0,-6999,686.1,-6999,-6999,-.037,0,0,0,0
2,2005,307,400,0
2,2005,307,410,0
2,2005,307,420,0
1,2005,307,430,15.39,101.9,0,0,-6999,686.2,-6999,-6999,-.037,0,0,0,0
2,2005,307,430,0
2,2005,307,440,0
2,2005,307,450,0
1,2005,307,500,15.37,102,0,0,-6999,686.4,-6999,-6999,-.037,0,0,0,0
2,2005,307,500,0
2,2005,307,510,0
2,2005,307,520,0
1,2005,307,530,15.33,102.1,0,0,-6999,686.4,-6999,-6999,-.037,0,0,0,0
2,2005,307,530,0
2,2005,307,540,0
2,2005,307,550,0
1,2005,307,600,15.33,102.1,3.966,0,-6999,686.5,-6999,-6999,-.037,0,0,0,0
2,2005,307,600,0
2,2005,307,610,0
2,2005,307,620,0
1,2005,307,630,15.5,102.1,34.42,0,-6999,686.5,-6999,-6999,-.037,0,0,0,0
2,2005,307,630,0
2,2005,307,640,0
2,2005,307,650,0
1,2005,307,700,15.93,102.1,83.7,0,-6999,686.9,-6999,-6999,-.037,0,0,0,0
2,2005,307,700,0
2,2005,307,710,0
2,2005,307,720,0
1,2005,307,730,16.32,102.1,150.9,0,-6999,687.4,-6999,-6999,-.037,0,0,0,0
2,2005,307,730,0
2,2005,307,740,0
2,2005,307,750,0
1,2005,307,800,16.85,102.1,280.6,0,-6999,687.5,-6999,-6999,-.037,0,0,0,0
2,2005,307,800,0
2,2005,307,810,0
2,2005,307,820,0
1,2005,307,830,17.86,102,429.5,0,-6999,687.6,-6999,-6999,-.037,0,0,0,0
2,2005,307,830,0
2,2005,307,840,0
2,2005,307,850,0
1,2005,307,900,20.39,92.4,470.9,0,-6999,687.7,-6999,-6999,-.037,0,0,0,0
2,2005,307,900,0
2,2005,307,910,0
2,2005,307,920,0
1,2005,307,930,20.95,86.5,316.5,0,-6999,688,-6999,-6999,-.037,0,0,0,0
2,2005,307,930,0
2,2005,307,940,0
2,2005,307,950,0
1,2005,307,1000,22.21,82.1,527.4,0,-6999,688.1,-6999,-6999,-.037,0,0,0,0
2,2005,307,1000,0
2,2005,307,1010,0
2,2005,307,1020,0
1,2005,307,1030,23.86,73.8,742,0,-6999,688.2,-6999,-6999,-.037,0,0,0,0
2,2005,307,1030,0
2,2005,307,1040,0
2,2005,307,1050,0
1,2005,307,1100,24.5,71,682,0,-6999,688.3,-6999,-6999,-.037,0,0,0,0
2,2005,307,1100,0
2,2005,307,1110,0
2,2005,307,1120,0
1,2005,307,1130,24.47,70.6,755,0,-6999,688.1,-6999,-6999,-.037,0,0,0,0
2,2005,307,1130,0
2,2005,307,1140,0
2,2005,307,1150,0
1,2005,307,1200,24.52,68.48,316,0,-6999,687.9,-6999,-6999,-.037,0,0,0,0
2,2005,307,1200,0
2,2005,307,1210,0
2,2005,307,1220,0
1,2005,307,1230,24.32,69.24,202.9,0,-6999,687.7,-6999,-6999,-.037,0,0,0,0
2,2005,307,1230,0
2,2005,307,1240,0
2,2005,307,1250,0
1,2005,307,1300,24.79,68.04,495.9,0,-6999,687.5,-6999,-6999,-.037,0,0,0,0
2,2005,307,1300,0
2,2005,307,1310,0
2,2005,307,1320,0
1,2005,307,1330,25.01,67.58,204.5,0,-6999,687.3,-6999,-6999,-.037,0,0,0,0
2,2005,307,1330,0
2,2005,307,1340,0
2,2005,307,1350,.1
1,2005,307,1400,24.56,71,173.6,0,-6999,687,-6999,-6999,-.037,0,0,0,0
2,2005,307,1400,0
2,2005,307,1410,0
2,2005,307,1420,0
1,2005,307,1430,25.47,70.1,718,0,-6999,686.7,-6999,-6999,-.037,0,0,0,0
2,2005,307,1430,0
2,2005,307,1440,0
2,2005,307,1450,0
1,2005,307,1500,26.17,61.42,405,0,-6999,686.3,-6999,-6999,-.037,0,0,0,0
2,2005,307,1500,0
2,2005,307,1510,0
2,2005,307,1520,0
1,2005,307,1530,26.76,58.18,554.5,0,-6999,686,-6999,-6999,-.037,0,0,0,0
2,2005,307,1530,0
2,2005,307,1540,0
2,2005,307,1550,0
1,2005,307,1600,26.97,56.72,530.1,0,-6999,685.9,-6999,-6999,-.037,0,0,0,0
2,2005,307,1600,0
2,2005,307,1610,0
2,2005,307,1620,0
1,2005,307,1630,27.1,55.48,351.3,0,-6999,685.8,-6999,-6999,-.037,0,0,0,0
2,2005,307,1630,0
2,2005,307,1640,0
2,2005,307,1650,0
1,2005,307,1700,25.78,59.34,88.4,0,-6999,685.7,-6999,-6999,-.037,0,0,0,0
2,2005,307,1700,0
2,2005,307,1710,0
2,2005,307,1720,0
1,2005,307,1730,25.21,60.48,68.03,0,-6999,685.7,-6999,-6999,-.037,0,0,0,0
2,2005,307,1730,0
2,2005,307,1740,0
2,2005,307,1750,0
1,2005,307,1800,25.55,57.79,155.7,0,-6999,685.6,-6999,-6999,-.037,0,0,0,0
2,2005,307,1800,0
2,2005,307,1810,0
2,2005,307,1820,0
1,2005,307,1830,24.98,56.54,49.73,47.62,-6999,685.6,-6999,-6999,-.037,0,0,0,0
2,2005,307,1830,0
2,2005,307,1840,0
2,2005,307,1850,0
1,2005,307,1900,23.82,57.76,3.494,1230,-6999,685.6,-6999,-6999,-.037,0,0,0,0
2,2005,307,1900,0
2,2005,307,1910,0
2,2005,307,1920,0
1,2005,307,1930,22.76,62.53,0,865,-6999,685.6,-6999,-6999,-.037,0,0,0,0
2,2005,307,1930,0
2,2005,307,1940,0
2,2005,307,1950,0
1,2005,307,2000,22.41,63.8,0,0,-6999,685.5,-6999,-6999,-.037,0,0,0,0
2,2005,307,2000,0
2,2005,307,2010,0
2,2005,307,2020,0
1,2005,307,2030,22.26,63.59,0,0,-6999,685.6,-6999,-6999,-.037,0,0,0,0
2,2005,307,2030,0
2,2005,307,2040,0
2,2005,307,2050,0
1,2005,307,2100,21.86,65.71,0,0,-6999,685.7,-6999,-6999,-.037,0,0,0,0
2,2005,307,2100,0
2,2005,307,2110,0
2,2005,307,2120,0
1,2005,307,2130,21.53,66.94,0,0,-6999,686,-6999,-6999,-.037,0,0,0,0
2,2005,307,2130,0
2,2005,307,2140,0
2,2005,307,2150,0
1,2005,307,2200,20.73,73.6,0,0,-6999,686.2,-6999,-6999,-.037,0,0,0,0
2,2005,307,2200,0
2,2005,307,2210,0
2,2005,307,2220,0
1,2005,307,2230,19.94,79.8,0,0,-6999,686.2,-6999,-6999,-.037,0,0,0,0
2,2005,307,2230,0
2,2005,307,2240,0
2,2005,307,2250,0
1,2005,307,2300,19.47,83.5,0,0,-6999,686.3,-6999,-6999,-.037,0,0,0,0
2,2005,307,2300,0
2,2005,307,2310,0
2,2005,307,2320,0
1,2005,307,2330,18.96,87.2,0,0,-6999,686.4,-6999,-6999,-.037,0,0,0,0
2,2005,307,2330,0
2,2005,307,2340,0
2,2005,307,2350,0
1,2005,307,2400,18.56,90.7,0,344.8,-6999,686.2,-6999,-6999,-.037,0,0,0,0
2,2005,307,2400,0
3,2005,307,2400,27.67,15.25,20.8,102.2,622,51.66,1616,80.8,-6999,0,-6999,0,-6999,.1
2,2005,308,10,0
2,2005,308,20,0
1,2005,308,30,18.27,91.9,0,752,-6999,686.3,-6999,-6999,-.037,0,0,0,0
2,2005,308,30,0
2,2005,308,40,0
2,2005,308,50,0
1,2005,308,100,17.94,93.4,0,0,-6999,685.8,-6999,-6999,-.037,0,0,0,0
2,2005,308,100,0
2,2005,308,110,0
2,2005,308,120,0
1,2005,308,130,17.7,94.1,0,0,-6999,685.5,-6999,-6999,-.037,0,0,0,0
2,2005,308,130,0
2,2005,308,140,0
2,2005,308,150,0
1,2005,308,200,17.46,95,0,0,-6999,685.6,-6999,-6999,-.037,0,0,0,0
2,2005,308,200,0
2,2005,308,210,0
2,2005,308,220,0
1,2005,308,230,17.14,96.5,0,0,-6999,685.4,-6999,-6999,-.037,0,0,0,0
2,2005,308,230,0
2,2005,308,240,0
2,2005,308,250,0
1,2005,308,300,17.01,97.1,0,0,-6999,685.2,-6999,-6999,-.037,0,0,0,0
2,2005,308,300,0
2,2005,308,310,0
2,2005,308,320,0
1,2005,308,330,16.88,97.5,0,0,-6999,685.2,-6999,-6999,-.037,0,0,0,0
2,2005,308,330,0
2,2005,308,340,0
2,2005,308,350,0
1,2005,308,400,16.77,97.9,0,0,-6999,685.3,-6999,-6999,-.037,0,0,0,0
2,2005,308,400,0
2,2005,308,410,0
2,2005,308,420,0
1,2005,308,430,16.85,97.7,0,0,-6999,685.2,-6999,-6999,-.037,0,0,0,0
2,2005,308,430,0
2,2005,308,440,0
2,2005,308,450,0
1,2005,308,500,16.99,97.3,0,0,-6999,685,-6999,-6999,-.037,0,0,0,0
2,2005,308,500,0
2,2005,308,510,0
2,2005,308,520,0
1,2005,308,530,17.59,95.2,.001,0,-6999,685.1,-6999,-6999,-.037,0,0,0,0
2,2005,308,530,0
2,2005,308,540,0
2,2005,308,550,0
1,2005,308,600,18.19,92.3,1.744,0,-6999,685.2,-6999,-6999,-.037,0,0,0,0
2,2005,308,600,0
2,2005,308,610,0
2,2005,308,620,0
1,2005,308,630,18.37,92,14.33,0,-6999,685.3,-6999,-6999,-.037,0,0,0,0
2,2005,308,630,0
2,2005,308,640,0
2,2005,308,650,0
1,2005,308,700,18.64,91.9,63.09,0,-6999,685.3,-6999,-6999,-.037,0,0,0,0
2,2005,308,700,0
2,2005,308,710,0
2,2005,308,720,0
1,2005,308,730,19.15,91.4,129,0,-6999,685.4,-6999,-6999,-.037,0,0,0,0
2,2005,308,730,0
2,2005,308,740,0
2,2005,308,750,0
1,2005,308,800,19.99,88.1,196.6,0,-6999,685.6,-6999,-6999,-.037,0,0,0,0
2,2005,308,800,0
2,2005,308,810,0
2,2005,308,820,0
1,2005,308,830,20.77,86,256.8,0,-6999,685.8,-6999,-6999,-.037,0,0,0,0
2,2005,308,830,0
2,2005,308,840,0
2,2005,308,850,0
1,2005,308,900,21.73,83,498,0,-6999,685.9,-6999,-6999,-.037,0,0,0,0
2,2005,308,900,0
2,2005,308,910,0
2,2005,308,920,0
1,2005,308,930,22.12,80.4,303.9,0,-6999,686,-6999,-6999,-.037,0,0,0,0
2,2005,308,930,0
2,2005,308,940,0
2,2005,308,950,0
1,2005,308,1000,22.43,79.6,439.3,0,-6999,685.9,-6999,-6999,-.037,0,0,0,0
2,2005,308,1000,0
2,2005,308,1010,0
2,2005,308,1020,0
1,2005,308,1030,23.33,76.2,534.9,0,-6999,685.9,-6999,-6999,-.037,0,0,0,0
2,2005,308,1030,0
2,2005,308,1040,0
2,2005,308,1050,0
1,2005,308,1100,23.27,75.7,359.7,0,-6999,685.8,-6999,-6999,-.037,0,0,0,0
2,2005,308,1100,0
2,2005,308,1110,0
2,2005,308,1120,0
1,2005,308,1130,23.33,74.8,335.3,0,-6999,685.9,-6999,-6999,-.037,0,0,0,0
2,2005,308,1130,0
2,2005,308,1140,0
2,2005,308,1150,0
1,2005,308,1200,23.05,75.7,262.7,0,-6999,685.8,-6999,-6999,-.037,0,0,0,0
2,2005,308,1200,0
2,2005,308,1210,0
2,2005,308,1220,0
1,2005,308,1230,23.74,74.2,448.1,0,-6999,685.4,-6999,-6999,-.037,0,0,0,0
2,2005,308,1230,0
2,2005,308,1240,0
2,2005,308,1250,0
1,2005,308,1300,24.58,69.44,591.2,0,-6999,685.1,-6999,-6999,-.037,0,0,0,0
2,2005,308,1300,0
2,2005,308,1310,0
2,2005,308,1320,0
1,2005,308,1330,24.49,68.79,397.3,0,-6999,684.9,-6999,-6999,-.037,0,0,0,0
2,2005,308,1330,0
2,2005,308,1340,0
2,2005,308,1350,0
1,2005,308,1400,24.47,69.13,345.6,0,-6999,684.6,-6999,-6999,-.037,0,0,0,0
2,2005,308,1400,0
2,2005,308,1410,0
2,2005,308,1420,0
1,2005,308,1430,24.78,66.51,379.9,0,-6999,684.3,-6999,-6999,-.037,0,0,0,0
2,2005,308,1430,0
2,2005,308,1440,0
2,2005,308,1450,0
1,2005,308,1500,25.27,66.15,407.1,0,-6999,684.1,-6999,-6999,-.037,0,0,0,0
2,2005,308,1500,0
2,2005,308,1510,0
2,2005,308,1520,0
1,2005,308,1530,24.07,74.2,186.1,0,-6999,683.9,-6999,-6999,-.037,0,0,0,0
2,2005,308,1530,0
2,2005,308,1540,0
2,2005,308,1550,0
1,2005,308,1600,22.04,83.8,163,0,-6999,683.6,-6999,-6999,-.037,0,0,0,0
2,2005,308,1600,0
2,2005,308,1610,0
2,2005,308,1620,0
1,2005,308,1630,23.41,77.8,330.3,0,-6999,683.5,-6999,-6999,-.037,0,0,0,0
2,2005,308,1630,0
2,2005,308,1640,0
2,2005,308,1650,0
1,2005,308,1700,24.57,73.6,250,0,-6999,683.5,-6999,-6999,-.037,0,0,0,0
2,2005,308,1700,0
2,2005,308,1710,0
2,2005,308,1720,0
1,2005,308,1730,23.39,78.8,30.79,0,-6999,683.6,-6999,-6999,-.037,0,0,0,0
2,2005,308,1730,0
2,2005,308,1740,0
2,2005,308,1750,0
1,2005,308,1800,23.12,80.4,90.6,0,-6999,683.8,-6999,-6999,-.037,0,0,0,0
2,2005,308,1800,0
2,2005,308,1810,0
2,2005,308,1820,0
1,2005,308,1830,22.76,83.7,34.48,0,-6999,683.9,-6999,-6999,-.037,0,0,0,0
2,2005,308,1830,0
2,2005,308,1840,0
2,2005,308,1850,0
1,2005,308,1900,22.02,85.6,1.533,131.1,-6999,684,-6999,-6999,-.037,0,0,0,0
2,2005,308,1900,0
2,2005,308,1910,0
2,2005,308,1920,0
1,2005,308,1930,21.25,90.8,0,0,-6999,684.2,-6999,-6999,-.037,0,0,0,0
2,2005,308,1930,0
2,2005,308,1940,0
2,2005,308,1950,0
1,2005,308,2000,20.1,94.1,0,0,-6999,684.6,-6999,-6999,-.037,0,0,0,0
2,2005,308,2000,0
2,2005,308,2010,0
2,2005,308,2020,0
1,2005,308,2030,19.72,95.3,0,571.3,-6999,684.7,-6999,-6999,-.037,0,0,0,0
2,2005,308,2030,0
2,2005,308,2040,0
2,2005,308,2050,0
1,2005,308,2100,19.53,95.9,0,0,-6999,684.9,-6999,-6999,-.037,0,0,0,0
2,2005,308,2100,0
2,2005,308,2110,0
2,2005,308,2120,1.9
1,2005,308,2130,19.31,96.5,0,0,-6999,685.2,-6999,-6999,-.037,0,0,0,0
2,2005,308,2130,2
2,2005,308,2140,2.3
2,2005,308,2150,.5
1,2005,308,2200,18.75,99.4,0,0,-6999,685.5,-6999,-6999,-.037,0,0,0,0
2,2005,308,2200,4.1
2,2005,308,2210,5.3
2,2005,308,2220,3
1,2005,308,2230,18.44,100.9,0,0,-6999,685.6,-6999,-6999,-.037,0,0,0,0
2,2005,308,2230,.7
2,2005,308,2240,.2
2,2005,308,2250,.9
1,2005,308,2300,18.3,101.5,0,0,-6999,685.6,-6999,-6999,-.037,0,0,0,0
2,2005,308,2300,2
2,2005,308,2310,8.5
2,2005,308,2320,4.7
1,2005,308,2330,18.25,101.7,0,0,-6999,685.4,-6999,-6999,-.037,0,0,0,0
2,2005,308,2330,1.2
2,2005,308,2340,.4
2,2005,308,2350,0
1,2005,308,2400,18.09,101.8,0,0,-6999,685.1,-6999,-6999,-.037,0,0,0,0
2,2005,308,2400,.1
3,2005,308,2400,25.83,16.67,20.61,101.9,2349,63.72,1436,86.9,-6999,0,-6999,0,-6999,37.8
2,2005,309,10,0
2,2005,309,20,0
1,2005,309,30,18.15,101.7,0,0,-6999,684.9,-6999,-6999,-.037,0,0,0,0
2,2005,309,30,0
2,2005,309,40,0
2,2005,309,50,0
1,2005,309,100,18.23,101.5,0,0,-6999,684.8,-6999,-6999,-.037,0,0,0,0
2,2005,309,100,0
2,2005,309,110,.1
2,2005,309,120,0
1,2005,309,130,18.11,101.4,0,0,-6999,684.4,-6999,-6999,-.037,0,0,0,0
2,2005,309,130,0
2,2005,309,140,0
2,2005,309,150,0
1,2005,309,200,18.24,101.2,0,0,-6999,684.3,-6999,-6999,-.037,0,0,0,0
2,2005,309,200,0
2,2005,309,210,0
2,2005,309,220,0
1,2005,309,230,18.43,100.7,0,0,-6999,684.3,-6999,-6999,-.037,0,0,0,0
2,2005,309,230,0
2,2005,309,240,0
2,2005,309,250,0
1,2005,309,300,18.51,99.2,0,0,-6999,684.3,-6999,-6999,-.037,0,0,0,0
2,2005,309,300,0
2,2005,309,310,0
2,2005,309,320,0
1,2005,309,330,18.66,98.3,0,0,-6999,684.4,-6999,-6999,-.037,0,0,0,0
2,2005,309,330,0
2,2005,309,340,0
2,2005,309,350,0
1,2005,309,400,18.55,98.6,.007,0,-6999,684.3,-6999,-6999,-.037,0,0,0,0
2,2005,309,400,0
2,2005,309,410,0
2,2005,309,420,0
1,2005,309,430,18.35,99,.006,0,-6999,684.4,-6999,-6999,-.037,0,0,0,0
2,2005,309,430,0
2,2005,309,440,0
2,2005,309,450,0
1,2005,309,500,18.25,98.3,.012,0,-6999,684.5,-6999,-6999,-.037,0,0,0,0
2,2005,309,500,0
2,2005,309,510,0
2,2005,309,520,0
1,2005,309,530,18.13,98.4,.072,0,-6999,684.5,-6999,-6999,-.037,0,0,0,0
2,2005,309,530,0
2,2005,309,540,0
2,2005,309,550,0
1,2005,309,600,17.97,98.9,5.837,0,-6999,684.6,-6999,-6999,-.037,0,0,0,0
2,2005,309,600,0
2,2005,309,610,0
2,2005,309,620,0
1,2005,309,630,17.97,99.2,40.26,0,-6999,684.7,-6999,-6999,-.037,0,0,0,0
2,2005,309,630,0
2,2005,309,640,0
2,2005,309,650,0
1,2005,309,700,18.62,97.3,139.4,0,-6999,685,-6999,-6999,-.037,0,0,0,0
2,2005,309,700,0
2,2005,309,710,0
2,2005,309,720,0
1,2005,309,730,19.56,94,244.2,0,-6999,685,-6999,-6999,-.037,0,0,0,0
2,2005,309,730,0
2,2005,309,740,0
2,2005,309,750,0
1,2005,309,800,20.5,90.8,351.4,0,-6999,685,-6999,-6999,-.037,0,0,0,0
2,2005,309,800,0
2,2005,309,810,0
2,2005,309,820,0
1,2005,309,830,21.54,87.4,445.8,0,-6999,685,-6999,-6999,-.037,0,0,0,0
2,2005,309,830,0
2,2005,309,840,0
2,2005,309,850,0
1,2005,309,900,21.94,85.6,527.4,0,-6999,685,-6999,-6999,-.037,0,0,0,0
2,2005,309,900,0
2,2005,309,910,0
2,2005,309,920,0
1,2005,309,930,22.84,81.9,419,0,-6999,685.3,-6999,-6999,-.037,0,0,0,0
2,2005,309,930,0
2,2005,309,940,0
2,2005,309,950,0
1,2005,309,1000,23.57,78.9,417.8,0,-6999,685.3,-6999,-6999,-.037,0,0,0,0
2,2005,309,1000,0
2,2005,309,1010,0
2,2005,309,1020,0
1,2005,309,1030,24.34,72.3,702,0,-6999,685.2,-6999,-6999,-.037,0,0,0,0
2,2005,309,1030,0
2,2005,309,1040,0
2,2005,309,1050,0
1,2005,309,1100,24.89,68.24,706,0,-6999,685.3,-6999,-6999,-.037,0,0,0,0
2,2005,309,1100,0
2,2005,309,1110,0
2,2005,309,1120,0
1,2005,309,1130,25.53,62.97,836,0,-6999,685.2,-6999,-6999,-.037,0,0,0,0
2,2005,309,1130,0
2,2005,309,1140,0
2,2005,309,1150,0
1,2005,309,1200,26.21,58.86,847,0,-6999,685.2,-6999,-6999,-.037,0,0,0,0
2,2005,309,1200,0
2,2005,309,1210,0
2,2005,309,1220,0
1,2005,309,1230,26.56,56.73,781,0,-6999,685,-6999,-6999,-.037,0,0,0,0
2,2005,309,1230,0
2,2005,309,1240,0
2,2005,309,1250,0
1,2005,309,1300,26.57,56.94,714,0,-6999,684.7,-6999,-6999,-.037,0,0,0,0
2,2005,309,1300,0
2,2005,309,1310,0
2,2005,309,1320,0
1,2005,309,1330,27.04,53.93,672.2,0,-6999,684.4,-6999,-6999,-.037,0,0,0,0
2,2005,309,1330,0
2,2005,309,1340,0
2,2005,309,1350,0
1,2005,309,1400,27.7,51.66,790,0,-6999,684.2,-6999,-6999,-.037,0,0,0,0
2,2005,309,1400,0
2,2005,309,1410,0
2,2005,309,1420,0
1,2005,309,1430,28.22,49.78,742,0,-6999,683.9,-6999,-6999,-.037,0,0,0,0
2,2005,309,1430,0
2,2005,309,1440,0
2,2005,309,1450,0
1,2005,309,1500,28.06,48.17,646.7,0,-6999,683.6,-6999,-6999,-.037,0,0,0,0
2,2005,309,1500,0
2,2005,309,1510,0
2,2005,309,1520,0
1,2005,309,1530,28.15,48,397.6,0,-6999,683.3,-6999,-6999,-.037,0,0,0,0
2,2005,309,1530,0
2,2005,309,1540,0
2,2005,309,1550,0
1,2005,309,1600,28.75,46.44,599.1,0,-6999,683.1,-6999,-6999,-.037,0,0,0,0
2,2005,309,1600,0
2,2005,309,1610,0
2,2005,309,1620,0
1,2005,309,1630,28.41,46.35,338.8,0,-6999,683,-6999,-6999,-.037,0,0,0,0
2,2005,309,1630,0
2,2005,309,1640,0
2,2005,309,1650,0
1,2005,309,1700,27.17,54.31,91.1,0,-6999,683.1,-6999,-6999,-.037,0,0,0,0
2,2005,309,1700,0
2,2005,309,1710,0
2,2005,309,1720,.5
1,2005,309,1730,23.44,74.1,61.48,397.9,-6999,683.3,-6999,-6999,-.037,0,0,0,0
2,2005,309,1730,.9
2,2005,309,1740,.1
2,2005,309,1750,0
1,2005,309,1800,21.55,79.9,141.1,708,-6999,683.4,-6999,-6999,-.037,0,0,0,0
2,2005,309,1800,0
2,2005,309,1810,0
2,2005,309,1820,0
1,2005,309,1830,23.35,72.9,58.86,47.81,-6999,683.3,-6999,-6999,-.037,0,0,0,0
2,2005,309,1830,0
2,2005,309,1840,0
2,2005,309,1850,0
1,2005,309,1900,22.43,76.7,1.441,0,-6999,683.3,-6999,-6999,-.037,0,0,0,0
2,2005,309,1900,0
2,2005,309,1910,0
2,2005,309,1920,0
1,2005,309,1930,23.03,69.54,0,478.7,-6999,683.5,-6999,-6999,-.037,0,0,0,0
2,2005,309,1930,0
2,2005,309,1940,0
2,2005,309,1950,0
1,2005,309,2000,23.34,69.98,0,291.2,-6999,683.6,-6999,-6999,-.037,0,0,0,0
2,2005,309,2000,0
2,2005,309,2010,0
2,2005,309,2020,0
1,2005,309,2030,23.46,72.7,0,397.8,-6999,683.9,-6999,-6999,-.037,0,0,0,0
2,2005,309,2030,0
2,2005,309,2040,0
2,2005,309,2050,0
1,2005,309,2100,23.34,72.7,0,0,-6999,684.2,-6999,-6999,-.037,0,0,0,0
2,2005,309,2100,0
2,2005,309,2110,0
2,2005,309,2120,0
1,2005,309,2130,22.86,74.2,0,381.3,-6999,684.4,-6999,-6999,-.037,0,0,0,0
2,2005,309,2130,0
2,2005,309,2140,0
2,2005,309,2150,0
1,2005,309,2200,22.79,73,0,267.9,-6999,684.6,-6999,-6999,-.037,0,0,0,0
2,2005,309,2200,0
2,2005,309,2210,0
2,2005,309,2220,0
1,2005,309,2230,22.74,74,0,22.94,-6999,684.7,-6999,-6999,-.037,0,0,0,0
2,2005,309,2230,0
2,2005,309,2240,0
2,2005,309,2250,0
1,2005,309,2300,22.48,75.5,0,0,-6999,684.8,-6999,-6999,-.037,0,0,0,0
2,2005,309,2300,0
2,2005,309,2310,0
2,2005,309,2320,0
1,2005,309,2330,21.71,79.8,0,0,-6999,685,-6999,-6999,-.037,0,0,0,0
2,2005,309,2330,0
2,2005,309,2340,0
2,2005,309,2350,0
1,2005,309,2400,21.26,79.9,0,0,-6999,685,-6999,-6999,-.037,0,0,0,0
2,2005,309,2400,0
3,2005,309,2400,29.34,17.8,22.53,101.8,0,39.89,1559,77.7,-6999,0,-6999,0,-6999,1.6
2,2005,310,10,0
2,2005,310,20,0
1,2005,310,30,21.13,77.3,0,0,-6999,685,-6999,-6999,-.037,0,0,0,0
2,2005,310,30,0
2,2005,310,40,0
2,2005,310,50,0
1,2005,310,100,21.19,70.7,0,0,-6999,684.8,-6999,-6999,-.037,0,0,0,0
2,2005,310,100,0
2,2005,310,110,0
2,2005,310,120,0
1,2005,310,130,20.86,73.8,0,234.6,-6999,684.6,-6999,-6999,-.037,0,0,0,0
2,2005,310,130,0
2,2005,310,140,0
2,2005,310,150,0
1,2005,310,200,20.16,80.3,0,2.995,-6999,684.5,-6999,-6999,-.037,0,0,0,0
2,2005,310,200,0
2,2005,310,210,0
2,2005,310,220,0
1,2005,310,230,19.64,83.5,0,0,-6999,684.4,-6999,-6999,-.037,0,0,0,0
2,2005,310,230,0
2,2005,310,240,0
2,2005,310,250,0
1,2005,310,300,19.37,82.5,0,0,-6999,684.4,-6999,-6999,-.037,0,0,0,0
2,2005,310,300,0
2,2005,310,310,0
2,2005,310,320,0
1,2005,310,330,19.06,81.6,0,0,-6999,684.2,-6999,-6999,-.037,0,0,0,0
2,2005,310,330,0
2,2005,310,340,0
2,2005,310,350,0
1,2005,310,400,18.68,83,0,0,-6999,684.1,-6999,-6999,-.037,0,0,0,0
2,2005,310,400,0
2,2005,310,410,0
2,2005,310,420,0
1,2005,310,430,18.38,84.1,0,0,-6999,684.1,-6999,-6999,-.037,0,0,0,0
2,2005,310,430,0
2,2005,310,440,0
2,2005,310,450,0
1,2005,310,500,18.04,86,0,0,-6999,684.1,-6999,-6999,-.037,0,0,0,0
2,2005,310,500,0
2,2005,310,510,0
2,2005,310,520,0
1,2005,310,530,17.64,89.8,.028,0,-6999,684.3,-6999,-6999,-.037,0,0,0,0
2,2005,310,530,0
2,2005,310,540,0
2,2005,310,550,0
1,2005,310,600,17.4,92.7,12.92,0,-6999,684.6,-6999,-6999,-.037,0,0,0,0
2,2005,310,600,0
2,2005,310,610,0
2,2005,310,620,0
1,2005,310,630,17.4,94.3,50.53,0,-6999,685,-6999,-6999,-.037,0,0,0,0
2,2005,310,630,0
2,2005,310,640,0
2,2005,310,650,0
1,2005,310,700,17.79,93.9,178,0,-6999,685.2,-6999,-6999,-.037,0,0,0,0
2,2005,310,700,0
2,2005,310,710,0
2,2005,310,720,0
1,2005,310,730,18.16,92.1,192.7,0,-6999,685.4,-6999,-6999,-.037,0,0,0,0
2,2005,310,730,0
2,2005,310,740,0
2,2005,310,750,0
1,2005,310,800,18.86,89,246.8,0,-6999,685.6,-6999,-6999,-.037,0,0,0,0
2,2005,310,800,0
2,2005,310,810,0
2,2005,310,820,0
1,2005,310,830,20.11,85.3,447.1,0,-6999,685.7,-6999,-6999,-.037,0,0,0,0
2,2005,310,830,0
2,2005,310,840,0
2,2005,310,850,0
1,2005,310,900,21.38,78.8,540.3,0,-6999,685.8,-6999,-6999,-.037,0,0,0,0
2,2005,310,900,0
2,2005,310,910,0
2,2005,310,920,0
1,2005,310,930,22.67,75.3,489.7,0,-6999,686,-6999,-6999,-.037,0,0,0,0
2,2005,310,930,0
2,2005,310,940,0
2,2005,310,950,0
1,2005,310,1000,24.4,69.12,415.5,0,-6999,686,-6999,-6999,-.037,0,0,0,0
2,2005,310,1000,0
2,2005,310,1010,0
2,2005,310,1020,0
1,2005,310,1030,25.17,67.56,758,0,-6999,685.9,-6999,-6999,-.037,0,0,0,0
2,2005,310,1030,0
2,2005,310,1040,0
2,2005,310,1050,0
1,2005,310,1100,26.09,64.59,807,0,-6999,685.7,-6999,-6999,-.037,0,0,0,0
2,2005,310,1100,0
2,2005,310,1110,0
2,2005,310,1120,0
1,2005,310,1130,26.5,63.69,840,0,-6999,685.5,-6999,-6999,-.037,0,0,0,0
2,2005,310,1130,0
2,2005,310,1140,0
2,2005,310,1150,0
1,2005,310,1200,27.15,61.37,857,0,-6999,685.4,-6999,-6999,-.037,0,0,0,0
2,2005,310,1200,0
2,2005,310,1210,0
2,2005,310,1220,0
1,2005,310,1230,27.77,57.98,866,0,-6999,685.1,-6999,-6999,-.037,0,0,0,0
2,2005,310,1230,0
2,2005,310,1240,0
2,2005,310,1250,0
1,2005,310,1300,28.18,55.45,882,0,-6999,684.8,-6999,-6999,-.037,0,0,0,0
2,2005,310,1300,0
2,2005,310,1310,0
2,2005,310,1320,0
1,2005,310,1330,28.93,52.55,868,0,-6999,684.4,-6999,-6999,-.037,0,0,0,0
2,2005,310,1330,0
2,2005,310,1340,0
2,2005,310,1350,0
1,2005,310,1400,28.79,50.63,722,0,-6999,684.1,-6999,-6999,-.037,0,0,0,0
2,2005,310,1400,0
2,2005,310,1410,0
2,2005,310,1420,0
1,2005,310,1430,29.33,47.16,748,0,-6999,683.9,-6999,-6999,-.037,0,0,0,0
2,2005,310,1430,0
2,2005,310,1440,0
2,2005,310,1450,0
1,2005,310,1500,29.4,46.77,587.5,0,-6999,683.6,-6999,-6999,-.037,0,0,0,0
2,2005,310,1500,0
2,2005,310,1510,0
2,2005,310,1520,0
1,2005,310,1530,29.82,43.71,550.9,0,-6999,683.3,-6999,-6999,-.037,0,0,0,0
2,2005,310,1530,0
2,2005,310,1540,0
2,2005,310,1550,0
1,2005,310,1600,30.64,39.52,568.6,0,-6999,683.1,-6999,-6999,-.037,0,0,0,0
2,2005,310,1600,0
2,2005,310,1610,0
2,2005,310,1620,0
1,2005,310,1630,30.62,39.94,473.2,0,-6999,682.9,-6999,-6999,-.037,0,0,0,0
2,2005,310,1630,0
2,2005,310,1640,0
2,2005,310,1650,0
1,2005,310,1700,30.22,41.76,354.8,0,-6999,682.7,-6999,-6999,-.037,0,0,0,0
2,2005,310,1700,0
2,2005,310,1710,0
2,2005,310,1720,0
1,2005,310,1730,29.56,44.22,232.2,292.6,-6999,682.7,-6999,-6999,-.037,0,0,0,0
2,2005,310,1730,0
2,2005,310,1740,0
2,2005,310,1750,0
1,2005,310,1800,29.09,47.13,130.8,1115,-6999,682.8,-6999,-6999,-.037,0,0,0,0
2,2005,310,1800,0
2,2005,310,1810,0
2,2005,310,1820,0
1,2005,310,1830,28.07,53.69,47.64,1296,-6999,683.2,-6999,-6999,-.037,0,0,0,0
2,2005,310,1830,0
2,2005,310,1840,0
2,2005,310,1850,0
1,2005,310,1900,23.32,74.2,1.803,1561,-6999,683.7,-6999,-6999,-.037,0,0,0,0
2,2005,310,1900,0
2,2005,310,1910,1.6
2,2005,310,1920,1.4
1,2005,310,1930,20.73,91.3,.001,0,-6999,683.9,-6999,-6999,-.037,0,0,0,0
2,2005,310,1930,.1
2,2005,310,1940,0
2,2005,310,1950,.1
1,2005,310,2000,19.85,96.4,0,0,-6999,684.1,-6999,-6999,-.037,0,0,0,0
2,2005,310,2000,0
2,2005,310,2010,0
2,2005,310,2020,0
1,2005,310,2030,19.73,97.2,.009,0,-6999,684.6,-6999,-6999,-.037,0,0,0,0
2,2005,310,2030,0
2,2005,310,2040,.3
2,2005,310,2050,.2
1,2005,310,2100,19.66,95.1,.008,0,-6999,684.9,-6999,-6999,-.037,0,0,0,0
2,2005,310,2100,2.6
2,2005,310,2110,10
2,2005,310,2120,6.3
1,2005,310,2130,19.49,91.2,0,0,-6999,685,-6999,-6999,-.037,0,0,0,0
2,2005,310,2130,2.1
2,2005,310,2140,.4
2,2005,310,2150,.4
1,2005,310,2200,19.09,94.3,0,0,-6999,684.8,-6999,-6999,-.037,0,0,0,0
2,2005,310,2200,0
2,2005,310,2210,0
2,2005,310,2220,0
1,2005,310,2230,19.21,94.1,.007,1123,-6999,685,-6999,-6999,-.037,0,0,0,0
2,2005,310,2230,0
2,2005,310,2240,0
2,2005,310,2250,0
1,2005,310,2300,19.87,87.1,.02,535.7,-6999,685.1,-6999,-6999,-.037,0,0,0,0
2,2005,310,2300,0
2,2005,310,2310,0
2,2005,310,2320,0
1,2005,310,2330,20.59,81.8,.002,0,-6999,684.9,-6999,-6999,-.037,0,0,0,0
2,2005,310,2330,0
2,2005,310,2340,0
2,2005,310,2350,0
1,2005,310,2400,20.69,79.7,0,0,-6999,684.8,-6999,-6999,-.037,0,0,0,0
2,2005,310,2400,0
3,2005,310,2400,31.22,17.27,22.91,97.8,2015,35.94,1611,73.4,-6999,0,-6999,0,-6999,25.5
2,2005,311,10,0
2,2005,311,20,0
1,2005,311,30,20.11,83.5,0,0,-6999,684.5,-6999,-6999,-.037,0,0,0,0
2,2005,311,30,0
2,2005,311,40,0
2,2005,311,50,0
1,2005,311,100,20.25,80.3,0,0,-6999,684.3,-6999,-6999,-.037,0,0,0,0
2,2005,311,100,0
2,2005,311,110,0
2,2005,311,120,0
1,2005,311,130,20.14,77,0,0,-6999,684.2,-6999,-6999,-.037,0,0,0,0
2,2005,311,130,0
2,2005,311,140,0
2,2005,311,150,0
1,2005,311,200,19.17,85.9,0,0,-6999,684,-6999,-6999,-.037,0,0,0,0
2,2005,311,200,0
2,2005,311,210,0
2,2005,311,220,0
1,2005,311,230,19.24,82.5,0,0,-6999,683.9,-6999,-6999,-.037,0,0,0,0
2,2005,311,230,0
2,2005,311,240,0
2,2005,311,250,0
1,2005,311,300,19.32,81.6,0,0,-6999,683.9,-6999,-6999,-.037,0,0,0,0
2,2005,311,300,0
2,2005,311,310,0
2,2005,311,320,0
1,2005,311,330,18.82,85.8,0,0,-6999,684.2,-6999,-6999,-.037,0,0,0,0
2,2005,311,330,0
2,2005,311,340,0
2,2005,311,350,0
1,2005,311,400,19.05,87.8,0,0,-6999,684.2,-6999,-6999,-.037,0,0,0,0
2,2005,311,400,0
2,2005,311,410,0
2,2005,311,420,0
1,2005,311,430,18.45,94.4,0,0,-6999,684.5,-6999,-6999,-.037,0,0,0,0
2,2005,311,430,0
2,2005,311,440,0
2,2005,311,450,0
1,2005,311,500,17.89,99.5,.002,0,-6999,684.6,-6999,-6999,-.037,0,0,0,0
2,2005,311,500,0
2,2005,311,510,0
2,2005,311,520,0
1,2005,311,530,17.92,101.2,.001,0,-6999,685.1,-6999,-6999,-.037,0,0,0,0
2,2005,311,530,.1
2,2005,311,540,0
2,2005,311,550,0
1,2005,311,600,18.12,101.8,1.732,0,-6999,685.2,-6999,-6999,-.037,0,0,0,0
2,2005,311,600,0
2,2005,311,610,0
2,2005,311,620,0
1,2005,311,630,18.15,101.9,12.81,0,-6999,685.5,-6999,-6999,-.037,0,0,0,0
2,2005,311,630,0
2,2005,311,640,0
2,2005,311,650,0
1,2005,311,700,18.02,101.9,53.58,0,-6999,685.8,-6999,-6999,-.037,0,0,0,0
2,2005,311,700,0
2,2005,311,710,0
2,2005,311,720,0
1,2005,311,730,17.89,101.8,32.07,0,-6999,685.9,-6999,-6999,-.037,0,0,0,0
2,2005,311,730,0
2,2005,311,740,0
2,2005,311,750,0
1,2005,311,800,17.99,100.7,144.2,0,-6999,685.8,-6999,-6999,-.037,0,0,0,0
2,2005,311,800,0
2,2005,311,810,0
2,2005,311,820,0
1,2005,311,830,20.27,92.2,441,0,-6999,685.6,-6999,-6999,-.037,0,0,0,0
2,2005,311,830,0
2,2005,311,840,0
2,2005,311,850,0
1,2005,311,900,22.84,81,580.6,0,-6999,685.3,-6999,-6999,-.037,0,0,0,0
2,2005,311,900,0
2,2005,311,910,0
2,2005,311,920,0
1,2005,311,930,24.57,74.2,509.1,0,-6999,685.6,-6999,-6999,-.037,0,0,0,0
2,2005,311,930,0
2,2005,311,940,0
2,2005,311,950,0
1,2005,311,1000,25.23,72,437.8,0,-6999,685.8,-6999,-6999,-.037,0,0,0,0
2,2005,311,1000,0
2,2005,311,1010,0
2,2005,311,1020,0
1,2005,311,1030,25.65,69.45,746,0,-6999,685.9,-6999,-6999,-.037,0,0,0,0
2,2005,311,1030,0
2,2005,311,1040,0
2,2005,311,1050,0
1,2005,311,1100,26.29,66.56,795,0,-6999,685.9,-6999,-6999,-.037,0,0,0,0
2,2005,311,1100,0
2,2005,311,1110,0
2,2005,311,1120,0
1,2005,311,1130,26.5,65.08,640.3,0,-6999,685.8,-6999,-6999,-.037,0,0,0,0
2,2005,311,1130,0
2,2005,311,1140,0
2,2005,311,1150,0
1,2005,311,1200,26.67,61.69,528.4,0,-6999,685.6,-6999,-6999,-.037,0,0,0,0
2,2005,311,1200,0
2,2005,311,1210,0
2,2005,311,1220,0
1,2005,311,1230,27.27,60.37,785,0,-6999,685.5,-6999,-6999,-.037,0,0,0,0
2,2005,311,1230,0
2,2005,311,1240,0
2,2005,311,1250,0
1,2005,311,1300,27.36,59.24,707,0,-6999,685.3,-6999,-6999,-.037,0,0,0,0
2,2005,311,1300,0
2,2005,311,1310,0
2,2005,311,1320,0
1,2005,311,1330,27.57,60.09,766,0,-6999,685.2,-6999,-6999,-.037,0,0,0,0
2,2005,311,1330,0
2,2005,311,1340,0
2,2005,311,1350,0
1,2005,311,1400,27.82,57.92,812,0,-6999,685,-6999,-6999,-.037,0,0,0,0
2,2005,311,1400,0
2,2005,311,1410,0
2,2005,311,1420,0
1,2005,311,1430,27.76,57.6,643.2,0,-6999,684.8,-6999,-6999,-.037,0,0,0,0
2,2005,311,1430,0
2,2005,311,1440,0
2,2005,311,1450,0
1,2005,311,1500,27.41,58.56,503.7,0,-6999,684.6,-6999,-6999,-.037,0,0,0,0
2,2005,311,1500,0
2,2005,311,1510,0
2,2005,311,1520,0
1,2005,311,1530,27.15,58.45,508.6,0,-6999,684.4,-6999,-6999,-.037,0,0,0,0
2,2005,311,1530,0
2,2005,311,1540,0
2,2005,311,1550,0
1,2005,311,1600,27.08,58.33,439.6,0,-6999,684.3,-6999,-6999,-.037,0,0,0,0
2,2005,311,1600,0
2,2005,311,1610,0
2,2005,311,1620,0
1,2005,311,1630,27.31,58.47,443.6,0,-6999,684.2,-6999,-6999,-.037,0,0,0,0
2,2005,311,1630,0
2,2005,311,1640,0
2,2005,311,1650,0
1,2005,311,1700,26.43,58.97,187,242.6,-6999,684.2,-6999,-6999,-.037,0,0,0,0
2,2005,311,1700,0
2,2005,311,1710,0
2,2005,311,1720,0
1,2005,311,1730,25.75,62.07,165.7,1441,-6999,684.2,-6999,-6999,-.037,0,0,0,0
2,2005,311,1730,0
2,2005,311,1740,0
2,2005,311,1750,0
1,2005,311,1800,25.39,67.33,123.5,1577,-6999,684.3,-6999,-6999,-.037,0,0,0,0
2,2005,311,1800,0
2,2005,311,1810,0
2,2005,311,1820,0
1,2005,311,1830,23.94,74.1,45.3,2164,-6999,684.5,-6999,-6999,-.037,0,0,0,0
2,2005,311,1830,0
2,2005,311,1840,0
2,2005,311,1850,0
1,2005,311,1900,22.27,78.9,1.976,0,-6999,684.6,-6999,-6999,-.037,0,0,0,0
2,2005,311,1900,0
2,2005,311,1910,0
2,2005,311,1920,0
1,2005,311,1930,21.21,80.5,0,0,-6999,684.8,-6999,-6999,-.037,0,0,0,0
2,2005,311,1930,0
2,2005,311,1940,0
2,2005,311,1950,0
1,2005,311,2000,20.41,82.3,0,0,-6999,685.1,-6999,-6999,-.037,0,0,0,0
2,2005,311,2000,0
2,2005,311,2010,0
2,2005,311,2020,0
1,2005,311,2030,19.81,84,0,0,-6999,685.2,-6999,-6999,-.037,0,0,0,0
2,2005,311,2030,0
2,2005,311,2040,0
2,2005,311,2050,0
1,2005,311,2100,19.21,86.1,0,0,-6999,685.4,-6999,-6999,-.037,0,0,0,0
2,2005,311,2100,0
2,2005,311,2110,0
2,2005,311,2120,0
1,2005,311,2130,18.68,88.3,0,0,-6999,685.6,-6999,-6999,-.037,0,0,0,0
2,2005,311,2130,0
2,2005,311,2140,0
2,2005,311,2150,0
1,2005,311,2200,18.23,91.1,0,0,-6999,686,-6999,-6999,-.037,0,0,0,0
2,2005,311,2200,0
2,2005,311,2210,0
2,2005,311,2220,0
1,2005,311,2230,17.85,92.9,0,0,-6999,686.2,-6999,-6999,-.037,0,0,0,0
2,2005,311,2230,0
2,2005,311,2240,0
2,2005,311,2250,0
1,2005,311,2300,17.64,93.7,0,1142,-6999,686.1,-6999,-6999,-.037,0,0,0,0
2,2005,311,2300,0
2,2005,311,2310,0
2,2005,311,2320,0
1,2005,311,2330,17.48,94.2,0,0,-6999,686.2,-6999,-6999,-.037,0,0,0,0
2,2005,311,2330,0
2,2005,311,2340,0
2,2005,311,2350,0
1,2005,311,2400,17.26,95.3,0,0,-6999,686,-6999,-6999,-.037,0,0,0,0
2,2005,311,2400,0
3,2005,311,2400,28.33,17.12,22.02,102,657,53.48,1358,79.3,-6999,0,-6999,0,-6999,.1
2,2005,312,10,0
2,2005,312,20,0
1,2005,312,30,17.08,96,0,0,-6999,685.8,-6999,-6999,-.037,0,0,0,0
2,2005,312,30,0
2,2005,312,40,0
2,2005,312,50,0
1,2005,312,100,17.07,96.3,0,0,-6999,685.7,-6999,-6999,-.037,0,0,0,0
2,2005,312,100,0
2,2005,312,110,0
2,2005,312,120,0
1,2005,312,130,16.96,96.2,0,0,-6999,685.6,-6999,-6999,-.037,0,0,0,0
2,2005,312,130,0
2,2005,312,140,0
2,2005,312,150,0
1,2005,312,200,16.77,96.4,0,0,-6999,685.4,-6999,-6999,-.037,0,0,0,0
2,2005,312,200,0
2,2005,312,210,0
2,2005,312,220,0
1,2005,312,230,16.58,96.9,0,0,-6999,685.2,-6999,-6999,-.037,0,0,0,0
2,2005,312,230,0
2,2005,312,240,0
2,2005,312,250,0
1,2005,312,300,16.49,97.4,0,0,-6999,685.1,-6999,-6999,-.037,0,0,0,0
2,2005,312,300,0
2,2005,312,310,0
2,2005,312,320,0
1,2005,312,330,16.44,97.3,0,0,-6999,685.1,-6999,-6999,-.037,0,0,0,0
2,2005,312,330,0
2,2005,312,340,0
2,2005,312,350,0
1,2005,312,400,16.32,97.4,0,0,-6999,685.1,-6999,-6999,-.037,0,0,0,0
2,2005,312,400,0
2,2005,312,410,0
2,2005,312,420,0
1,2005,312,430,16.26,97.4,0,0,-6999,685.2,-6999,-6999,-.037,0,0,0,0
2,2005,312,430,0
2,2005,312,440,0
2,2005,312,450,0
1,2005,312,500,16.14,97.7,0,0,-6999,685.2,-6999,-6999,-.037,0,0,0,0
2,2005,312,500,0
2,2005,312,510,0
2,2005,312,520,0
1,2005,312,530,15.99,97.9,.105,0,-6999,685.2,-6999,-6999,-.037,0,0,0,0
2,2005,312,530,0
2,2005,312,540,0
2,2005,312,550,0
1,2005,312,600,16.05,97.6,9.46,0,-6999,685.4,-6999,-6999,-.037,0,0,0,0
2,2005,312,600,0
2,2005,312,610,0
2,2005,312,620,0
1,2005,312,630,16.19,97,48.75,0,-6999,685.6,-6999,-6999,-.037,0,0,0,0
2,2005,312,630,0
2,2005,312,640,0
2,2005,312,650,0
1,2005,312,700,16.61,95.5,144.2,0,-6999,685.8,-6999,-6999,-.037,0,0,0,0
2,2005,312,700,0
2,2005,312,710,0
2,2005,312,720,0
1,2005,312,730,17.23,93.1,237,0,-6999,685.9,-6999,-6999,-.037,0,0,0,0
2,2005,312,730,0
2,2005,312,740,0
2,2005,312,750,0
1,2005,312,800,18.08,90,352.7,0,-6999,686,-6999,-6999,-.037,0,0,0,0
2,2005,312,800,0
2,2005,312,810,0
2,2005,312,820,0
1,2005,312,830,19.48,84.5,432,0,-6999,686.2,-6999,-6999,-.037,0,0,0,0
2,2005,312,830,0
2,2005,312,840,0
2,2005,312,850,0
1,2005,312,900,20.19,81.4,492.4,0,-6999,686.5,-6999,-6999,-.037,0,0,0,0
2,2005,312,900,0
2,2005,312,910,0
2,2005,312,920,0
1,2005,312,930,20.91,78.5,510.7,0,-6999,686.6,-6999,-6999,-.037,0,0,0,0
2,2005,312,930,0
2,2005,312,940,0
2,2005,312,950,0
1,2005,312,1000,22.24,73.8,460.4,0,-6999,686.7,-6999,-6999,-.037,0,0,0,0
2,2005,312,1000,0
2,2005,312,1010,0
2,2005,312,1020,0
1,2005,312,1030,23.19,71.2,745,0,-6999,686.6,-6999,-6999,-.037,0,0,0,0
2,2005,312,1030,0
2,2005,312,1040,0
2,2005,312,1050,0
1,2005,312,1100,23.46,70.6,786,0,-6999,686.6,-6999,-6999,-.037,0,0,0,0
2,2005,312,1100,0
2,2005,312,1110,0
2,2005,312,1120,0
1,2005,312,1130,24.36,68.05,826,0,-6999,686.5,-6999,-6999,-.037,0,0,0,0
2,2005,312,1130,0
2,2005,312,1140,0
2,2005,312,1150,0
1,2005,312,1200,24.9,66.79,845,0,-6999,686.4,-6999,-6999,-.037,0,0,0,0
2,2005,312,1200,0
2,2005,312,1210,0
2,2005,312,1220,0
1,2005,312,1230,25.06,66.03,723,0,-6999,686.2,-6999,-6999,-.037,0,0,0,0
2,2005,312,1230,0
2,2005,312,1240,0
2,2005,312,1250,0
1,2005,312,1300,25.51,64.34,667.8,0,-6999,685.9,-6999,-6999,-.037,0,0,0,0
2,2005,312,1300,0
2,2005,312,1310,0
2,2005,312,1320,0
1,2005,312,1330,25.69,63.77,766,0,-6999,685.7,-6999,-6999,-.037,0,0,0,0
2,2005,312,1330,0
2,2005,312,1340,0
2,2005,312,1350,0
1,2005,312,1400,25.89,63.06,735,0,-6999,685.5,-6999,-6999,-.037,0,0,0,0
2,2005,312,1400,0
2,2005,312,1410,0
2,2005,312,1420,0
1,2005,312,1430,25.73,63.27,648.1,0,-6999,685.3,-6999,-6999,-.037,0,0,0,0
2,2005,312,1430,0
2,2005,312,1440,0
2,2005,312,1450,0
1,2005,312,1500,25.94,61.59,590.7,0,-6999,685.1,-6999,-6999,-.037,0,0,0,0
2,2005,312,1500,0
2,2005,312,1510,0
2,2005,312,1520,0
1,2005,312,1530,25.14,63.3,410.4,0,-6999,685,-6999,-6999,-.037,0,0,0,0
2,2005,312,1530,0
2,2005,312,1540,0
